id	num	neg|score	neg|p-value	neg|fdr	neg|rank	neg|goodsgrna	neg|lfc	pos|score	pos|p-value	pos|fdr	pos|rank	pos|goodsgrna	pos|lfc
Srsf1	4	3.8107e-07	4.5923e-06	0.002475	1	4	-4.8924	0.99855	0.99873	0.999995	1063	0	-4.8924
Smarce1	4	6.5266e-07	4.5923e-06	0.002475	2	4	-4.1526	1.0	1.0	0.999995	1078	0	-4.1526
Emg1	4	1.5452e-05	2.2961e-05	0.008251	3	2	-2.4136	0.7477	0.74829	0.999995	769	1	-2.4136
Phf5a	4	2.6943e-05	4.1331e-05	0.011139	4	4	-3.8745	0.99997	0.99999	0.999995	1077	0	-3.8745
Wdr82	4	3.9802e-05	6.8884e-05	0.014851	5	4	-4.0231	0.99403	0.99417	0.999995	1045	0	-4.0231
Rtf1	4	6.8809e-05	0.00015155	0.027228	6	4	-3.2915	0.99993	0.99995	0.999995	1076	0	-3.2915
Nop2	4	0.00013797	0.00049138	0.073639	7	4	-3.8086	0.99986	0.99985	0.999995	1075	0	-3.8086
Zfp830	4	0.00015923	0.00054648	0.073639	8	4	-2.709	0.99984	0.99984	0.999995	1074	0	-2.709
Dnmt1	4	0.00017372	0.00067507	0.080858	9	4	-3.8338	0.99983	0.99981	0.999995	1073	0	-3.8338
Wdr4	4	0.00023781	0.00091387	0.098082	10	3	-4.2128	0.66527	0.67784	0.999995	705	1	-4.2128
Bcl6	4	0.00026063	0.0010241	0.098082	11	4	-4.207	0.99833	0.99842	0.999995	1060	0	-4.207
Sdha	4	0.0002799	0.0010976	0.098082	12	3	-3.883	0.1012	0.20581	0.965384	211	1	-3.883
Nop56	4	0.00031613	0.0012353	0.098082	13	4	-3.3314	0.99968	0.99966	0.999995	1072	0	-3.3314
Rfc2	4	0.00036307	0.0014098	0.098082	14	4	-2.1468	0.99964	0.99963	0.999995	1071	0	-2.1468
Elp5	4	0.000383	0.0014558	0.098082	15	4	-3.2793	0.99777	0.99777	0.999995	1057	0	-3.2793
Hat1	4	0.00038432	0.0014558	0.098082	16	4	-2.352	0.99962	0.9996	0.999995	1070	0	-2.352
Kdm1a	4	0.00046868	0.0018048	0.114444	17	4	-3.8503	0.99493	0.99501	0.999995	1048	0	-3.8503
Ikbkg	4	0.00049422	0.0019334	0.115787	18	4	-2.4102	0.99542	0.99542	0.999995	1052	0	-2.4102
Rnf40	4	0.00054608	0.0021722	0.120545	19	4	-2.2	0.99945	0.99947	0.999995	1069	0	-2.2
Smarcb1	4	0.00056395	0.0022364	0.120545	20	4	-2.0765	0.99944	0.99947	0.999995	1068	0	-2.0765
Arid1a	4	0.0006359	0.0024936	0.128006	21	4	-2.4069	0.99936	0.99941	0.999995	1067	0	-2.4069
Nol9	4	0.00071711	0.0027875	0.136589	22	4	-3.5903	0.993	0.99313	0.999995	1042	0	-3.5903
Chek1	4	0.00079716	0.0030263	0.141842	23	3	-3.3555	0.98026	0.98047	0.999995	1013	0	-3.3555
Kat5	4	0.00084271	0.0032927	0.147896	24	4	-3.7723	0.99741	0.99741	0.999995	1055	0	-3.7723
Brca1	4	0.0009671	0.003706	0.159802	25	4	-1.797	0.99903	0.99911	0.999995	1066	0	-1.797
Sfpq	4	0.0010509	0.0040274	0.166984	26	3	-3.6592	0.89011	0.89085	0.999995	915	0	-3.6592
Wdr18	4	0.0012723	0.0049367	0.195699	27	4	-2.8376	0.99807	0.99812	0.999995	1059	0	-2.8376
Dimt1	4	0.0013707	0.0053408	0.195699	28	4	-2.708	0.99863	0.99877	0.999995	1065	0	-2.708
Smc6	4	0.0013848	0.0053959	0.195699	29	4	-2.4196	0.99862	0.99876	0.999995	1064	0	-2.4196
Ttk	4	0.0014645	0.0057266	0.195699	30	4	-2.6808	0.99854	0.9987	0.999995	1062	0	-2.6808
Smarca4	4	0.0014821	0.0057633	0.195699	31	2	-1.4531	0.28731	0.41602	0.975854	448	1	-1.4531
Las1l	4	0.0014926	0.0058093	0.195699	32	4	-2.7463	0.99466	0.99475	0.999995	1047	0	-2.7463
Tgs1	4	0.0015933	0.0061583	0.197874	33	3	-2.8906	0.63701	0.65682	0.999995	690	1	-2.8906
Mybbp1a	4	0.0016263	0.0062409	0.197874	34	4	-1.6466	0.99837	0.99846	0.999995	1061	0	-1.6466
Upf1	4	0.0017038	0.006544	0.201556	35	3	-3.0406	0.919	0.91863	0.999995	942	0	-3.0406
Ezh2	4	0.0017691	0.0067461	0.202008	36	4	-3.3173	0.99785	0.99789	0.999995	1058	0	-3.3173
Mcm4	4	0.0021456	0.0079125	0.230533	37	4	-3.1306	0.99443	0.99457	0.999995	1046	0	-3.1306
Mepce	4	0.0025087	0.0090698	0.257295	38	4	-3.2411	0.99749	0.9975	0.999995	1056	0	-3.2411
Lsm2	4	0.0034557	0.012248	0.327578	39	3	-2.6611	0.89978	0.90007	0.999995	925	0	-2.6611
Setdb1	4	0.0035108	0.012459	0.327578	40	3	-2.2292	0.47288	0.5517	0.999995	586	1	-2.2292
Sf3b1	4	0.003939	0.013846	0.335293	41	4	-2.6479	0.99156	0.99178	0.999995	1038	0	-2.6479
Ogt	4	0.0039704	0.013928	0.335293	42	4	-2.4964	0.9954	0.99541	0.999995	1051	0	-2.4964
Rbbp4	4	0.0040127	0.014103	0.335293	43	2	-1.8283	0.59609	0.628	0.999995	660	1	-1.8283
Wdr77	4	0.0040832	0.014323	0.335293	44	3	-2.6204	0.94166	0.94131	0.999995	967	0	-2.6204
Nipbl	4	0.0041621	0.014571	0.335293	45	2	-2.0796	0.91839	0.91801	0.999995	941	0	-2.0796
Jade2	4	0.0042738	0.014874	0.335293	46	4	-1.2157	0.99573	0.9957	0.999995	1054	0	-1.2157
Brd9	4	0.0042904	0.01493	0.335293	47	4	-1.8321	0.99571	0.99569	0.999995	1053	0	-1.8321
Hmgb1	4	0.0048096	0.016601	0.365225	48	4	-1.5939	0.99519	0.99523	0.999995	1050	0	-1.5939
Ftsj3	4	0.0050113	0.01729	0.372772	49	4	-2.3185	0.99499	0.99505	0.999995	1049	0	-2.3185
Ep300	4	0.0053654	0.018585	0.392836	50	4	-2.7131	0.98896	0.9893	0.999995	1035	0	-2.7131
Tex10	4	0.005988	0.020652	0.428123	51	4	-2.0106	0.99401	0.99414	0.999995	1044	0	-2.0106
Zzz3	4	0.0063646	0.02179	0.443209	52	3	-2.5695	0.8406	0.84152	0.999995	858	0	-2.5695
Dicer1	4	0.0066754	0.022736	0.453887	53	4	-2.0608	0.99332	0.99343	0.999995	1043	0	-2.0608
Trmt61a	4	0.0070767	0.02394	0.462252	54	4	-1.8866	0.99292	0.99306	0.999995	1041	0	-1.8866
Ctcf	4	0.0070978	0.024013	0.462252	55	2	-1.8743	0.47775	0.55435	0.999995	588	1	-1.8743
Foxb2	4	0.0077508	0.026217	0.495831	56	4	-1.7098	0.99225	0.9925	0.999995	1040	0	-1.7098
Rcc1	4	0.0083894	0.028192	0.520641	57	4	-2.1784	0.99161	0.99183	0.999995	1039	0	-2.1784
Srsf3	4	0.0084719	0.028495	0.520641	58	4	-1.5909	0.99153	0.99172	0.999995	1037	0	-1.5909
Mettl16	4	0.0094805	0.031691	0.538838	59	3	-2.0302	0.98733	0.9877	0.999995	1028	0	-2.0302
Supv3l1	4	0.0096278	0.032141	0.538838	60	3	-2.3619	0.71489	0.71864	0.999995	739	1	-2.3619
Nsl1	4	0.0098766	0.03284	0.538838	61	3	-1.928	0.95558	0.95549	0.999995	984	0	-1.928
Noc2l	4	0.010283	0.034116	0.538838	62	3	-1.9267	0.59509	0.62744	0.999995	659	1	-1.9267
Asxl2	4	0.010544	0.034961	0.538838	63	4	-0.80162	0.98946	0.98969	0.999995	1036	0	-0.80162
Satb2	4	0.011122	0.036899	0.538838	64	2	-1.8178	0.76384	0.76464	0.999995	781	1	-1.8178
Eif4a3	4	0.011243	0.037432	0.538838	65	3	-2.3027	0.87526	0.8762	0.999995	900	0	-2.3027
Sap18	4	0.011312	0.037671	0.538838	66	4	-2.0286	0.98869	0.98909	0.999995	1034	0	-2.0286
Zbtb17	4	0.011321	0.037726	0.538838	67	3	-1.3437	0.98527	0.98569	0.999995	1023	0	-1.3437
Npm1	4	0.011486	0.038102	0.538838	68	3	-1.8366	0.98344	0.98376	0.999995	1020	0	-1.8366
Bptf	4	0.011519	0.038194	0.538838	69	4	-1.0031	0.98848	0.98885	0.999995	1033	0	-1.0031
Zfp335	4	0.011554	0.038249	0.538838	70	4	-0.94666	0.98845	0.98882	0.999995	1032	0	-0.94666
Nsmce1	4	0.011729	0.03869	0.538838	71	4	-1.5739	0.98827	0.98864	0.999995	1031	0	-1.5739
Utp3	4	0.011733	0.038699	0.538838	72	3	-2.6418	0.92582	0.92548	0.999995	951	0	-2.6418
Kat8	4	0.011854	0.039012	0.538838	73	3	-2.5045	0.87855	0.87942	0.999995	904	0	-2.5045
Brca2	4	0.011906	0.039149	0.538838	74	4	-1.3877	0.98809	0.98846	0.999995	1030	0	-1.3877
MouseNegCon_0073	1	0.012234	0.012055	0.327578	75	1	-4.3975	0.98777	0.98772	0.999995	1029	0	-4.3975
Chaf1b	4	0.012887	0.04128	0.538838	76	3	-1.8966	0.95519	0.95516	0.999995	983	0	-1.8966
Dtl	4	0.013006	0.041491	0.538838	77	3	-2.3002	0.76717	0.76812	0.999995	785	0	-2.3002
Lsm7	4	0.013066	0.041583	0.538838	78	3	-1.793	0.88551	0.88626	0.999995	911	0	-1.793
Phf23	4	0.013126	0.041712	0.538838	79	3	-1.8287	0.98703	0.98741	0.999995	1025	0	-1.8287
Atxn7l3	4	0.013186	0.041877	0.538838	80	3	-1.9537	0.96207	0.96197	0.999995	992	0	-1.9537
Rbx1	4	0.013252	0.041987	0.538838	81	3	-2.7034	0.9833	0.98363	0.999995	1019	0	-2.7034
Setd4	4	0.014258	0.044155	0.559988	82	2	-0.72275	0.20914	0.32816	0.973961	345	2	-0.72275
Camta2	4	0.01486	0.045496	0.570286	83	2	-1.869	0.089282	0.19165	0.939086	205	1	-1.869
Zmynd8	4	0.016213	0.048738	0.597041	84	2	-0.49448	0.86654	0.86723	0.999995	889	0	-0.49448
Tut1	4	0.016771	0.050061	0.606352	85	3	-1.7844	0.97712	0.97747	0.999995	1010	0	-1.7844
Trmt1l	4	0.017135	0.05085	0.609076	86	2	-1.3307	0.59207	0.62559	0.999995	656	1	-1.3307
Ssrp1	4	0.018479	0.053542	0.634262	87	3	-2.0983	0.94465	0.94421	0.999995	971	0	-2.0983
Tonsl	4	0.018938	0.054313	0.636408	88	3	-1.9807	0.548	0.59658	0.999995	628	1	-1.9807
Nudt21	4	0.019882	0.056435	0.654157	89	3	-1.5247	0.06696	0.15025	0.93365	159	1	-1.5247
Tpr	4	0.020344	0.057344	0.65493	90	3	-2.3204	0.98236	0.98277	0.999995	1016	0	-2.3204
Chd8	4	0.020753	0.05818	0.65493	91	3	-2.1468	0.88898	0.88969	0.999995	914	0	-2.1468
Terf1	4	0.021087	0.059043	0.65493	92	2	-1.5423	0.96358	0.96349	0.999995	994	0	-1.5423
Epc2	4	0.021145	0.05919	0.65493	93	2	-1.4494	0.057539	0.13206	0.93365	138	1	-1.4494
Tinf2	4	0.021307	0.059539	0.65493	94	2	-1.7126	0.41564	0.52222	0.992867	549	1	-1.7126
Pcna	4	0.021812	0.060439	0.658116	95	3	-1.9107	0.91549	0.91521	0.999995	939	0	-1.9107
Prpf31	4	0.023679	0.064508	0.695396	96	3	-1.7229	0.26245	0.38806	0.975854	414	1	-1.7229
Ss18l2	4	0.024002	0.065335	0.697334	97	1	-0.11471	0.71566	0.71928	0.999995	740	1	-0.11471
Zfx	4	0.024661	0.066593	0.703795	98	2	-1.594	0.92312	0.92278	0.999995	947	0	-1.594
Eed	4	0.025098	0.067603	0.704432	99	3	-1.9931	0.9717	0.97192	0.999995	1005	0	-1.9931
Tada2a	4	0.025279	0.068007	0.704432	100	3	-1.4971	0.98714	0.98754	0.999995	1026	0	-1.4971
Suv39h1	4	0.025534	0.068613	0.704432	101	3	-1.4774	0.8391	0.84004	0.999995	856	0	-1.4774
Trim33	4	0.026944	0.071406	0.724285	102	3	-2.2058	0.97224	0.97241	0.999995	1006	0	-2.2058
Rfc1	4	0.027228	0.072085	0.724285	103	3	-1.7802	0.85248	0.85341	0.999995	870	0	-1.7802
Tada2b	4	0.027419	0.072563	0.724285	104	3	-1.6747	0.52467	0.58242	0.999995	616	1	-1.6747
Zfp282	4	0.028188	0.074262	0.734445	105	3	-1.9021	0.85574	0.85668	0.999995	876	0	-1.9021
Hjurp	4	0.029768	0.077412	0.752609	106	3	-1.7429	0.23695	0.35943	0.975854	381	1	-1.7429
Zfp300	4	0.029814	0.077495	0.752609	107	1	1.6401	0.00036632	0.0014098	0.506601	3	3	1.6401
Tnp1	4	0.03078	0.079598	0.766133	108	1	0.48997	0.075969	0.16806	0.93365	179	2	0.48997
Setd1b	4	0.031438	0.081004	0.772759	109	2	-1.5582	0.72704	0.72962	0.999995	749	1	-1.5582
MouseNegCon_0004	1	0.032501	0.032693	0.538838	110	1	-3.1759	0.9675	0.96809	0.999995	1000	0	-3.1759
Paxip1	4	0.032766	0.083713	0.791602	111	3	-1.7294	0.59759	0.62873	0.999995	662	1	-1.7294
Mef2c	4	0.033301	0.084677	0.793758	112	3	-1.8546	0.88177	0.88261	0.999995	909	0	-1.8546
MouseNegCon_0048	1	0.033737	0.033813	0.538838	113	1	-4.2307	0.96626	0.96671	0.999995	996	0	-4.2307
Sbno1	4	0.035495	0.089288	0.829763	114	3	-1.2125	0.91251	0.91247	0.999995	936	0	-1.2125
Gmnn	4	0.036013	0.090399	0.83291	115	3	-1.9718	0.78015	0.78093	0.999995	795	0	-1.9718
MouseNegCon_0027	1	0.037444	0.037625	0.538838	116	1	-2.4133	0.96256	0.9631	0.999995	993	0	-2.4133
Larp4b	4	0.037522	0.093403	0.853289	117	2	-1.2813	0.93891	0.93864	0.999995	964	0	-1.2813
Fancm	4	0.038008	0.09434	0.854605	118	3	-1.3652	0.98083	0.98111	0.999995	1014	0	-1.3652
Trmt10c	4	0.039423	0.097306	0.859837	119	3	-1.5494	0.92469	0.9245	0.999995	950	0	-1.5494
Zfp326	4	0.039902	0.098335	0.859837	120	3	-1.3804	0.70906	0.71379	0.999995	735	1	-1.3804
Hcfc1	4	0.04021	0.098969	0.859837	121	2	-1.2767	0.44098	0.53513	0.999722	565	1	-1.2767
Phb	4	0.040401	0.099253	0.859837	122	2	-0.49658	0.6865	0.69457	0.999995	717	1	-0.49658
Smc5	4	0.040992	0.1004	0.859837	123	3	-1.5323	0.97798	0.97833	0.999995	1012	0	-1.5323
Dr1	4	0.041359	0.10106	0.859837	124	2	-1.0971	0.9068	0.90674	0.999995	930	0	-1.0971
Chd7	4	0.042317	0.10302	0.859837	125	2	-0.99546	0.8953	0.89566	0.999995	918	0	-0.99546
Ccar2	4	0.042603	0.10354	0.859837	126	2	-1.5263	0.86806	0.86896	0.999995	890	0	-1.5263
Setd1a	4	0.042723	0.10377	0.859837	127	3	-1.4372	0.85435	0.85539	0.999995	872	0	-1.4372
Trmt10a	4	0.0431	0.10449	0.859837	128	3	-1.2574	0.84357	0.8446	0.999995	861	0	-1.2574
Elp6	4	0.043605	0.10552	0.861724	129	3	-1.2248	0.8353	0.83608	0.999995	852	0	-1.2248
Lsm6	4	0.04438	0.10712	0.868272	130	2	-1.4333	0.87085	0.87175	0.999995	893	0	-1.4333
Ncoa6	4	0.046845	0.11213	0.892354	131	3	-1.0998	0.35457	0.4921	0.978682	522	1	-1.0998
Mettl3	4	0.046875	0.11222	0.892354	132	3	-1.7127	0.76585	0.76658	0.999995	783	0	-1.7127
Zfp874	4	0.047093	0.11264	0.892354	133	2	-0.35347	0.89907	0.89945	0.999995	923	0	-0.35347
Gon4l	4	0.04751	0.11341	0.892354	134	3	-1.2679	0.46673	0.54866	0.999995	583	1	-1.2679
MouseNegCon_0076	1	0.047578	0.047939	0.594003	135	1	-3.3169	0.95242	0.95287	0.999995	980	0	-3.3169
Aatf	4	0.048492	0.11521	0.896681	136	2	-1.2927	0.52974	0.58539	0.999995	619	1	-1.2927
Banf1	4	0.048722	0.11562	0.896681	137	3	-1.2337	0.96995	0.97017	0.999995	1004	0	-1.2337
Nacc2	4	0.049814	0.11778	0.906895	138	3	-1.0066	0.81106	0.81237	0.999995	824	0	-1.0066
Prmt1	4	0.051901	0.12208	0.928288	139	3	-1.1531	0.98729	0.98768	0.999995	1027	0	-1.1531
Zfp52	4	0.052042	0.12228	0.928288	140	3	-1.516	0.15472	0.26665	0.973961	277	1	-1.516
Tdrkh	4	0.053178	0.12448	0.929929	141	3	-0.92675	0.85918	0.85989	0.999995	879	0	-0.92675
Smarcc1	4	0.053895	0.12603	0.929929	142	3	-1.3509	0.40432	0.51639	0.991367	543	1	-1.3509
Setd8	4	0.054212	0.12676	0.929929	143	2	-1.3683	0.94259	0.94226	0.999995	969	0	-1.3683
Tada1	4	0.054698	0.12779	0.929929	144	1	0.19232	0.63609	0.6561	0.999995	689	1	0.19232
Trim24	4	0.054764	0.12788	0.929929	145	3	-1.0543	0.79074	0.79185	0.999995	804	0	-1.0543
Zfp101	4	0.055056	0.12853	0.929929	146	3	-1.0096	0.90308	0.90336	0.999995	927	0	-1.0096
Pnldc1	4	0.056922	0.13201	0.948746	147	2	-1.0677	0.88057	0.88143	0.999995	907	0	-1.0677
Jade3	4	0.05742	0.13301	0.949544	148	3	-0.91856	0.65649	0.67112	0.999995	702	1	-0.91856
Parg	4	0.059941	0.13783	0.977495	149	2	-0.83865	0.29762	0.42803	0.975854	455	2	-0.83865
Smchd1	4	0.062505	0.14248	0.999729	150	2	-1.0338	0.30704	0.43891	0.975854	467	1	-1.0338
Cmtr1	4	0.064141	0.14545	0.999729	151	2	-1.122	0.41233	0.52051	0.991367	548	1	-1.122
Fyttd1	4	0.065081	0.14748	0.999729	152	2	-0.17628	0.52127	0.58034	0.999995	614	1	-0.17628
Banp	4	0.06696	0.15118	0.999729	153	2	-0.77838	0.98325	0.98359	0.999995	1018	0	-0.77838
Zfp217	4	0.067898	0.15298	0.999729	154	1	0.36668	0.14847	0.26031	0.973961	270	2	0.36668
Mbd6	4	0.068835	0.15481	0.999729	155	1	-0.04313	0.36237	0.49609	0.978682	526	1	-0.04313
Vps72	4	0.069772	0.15656	0.999729	156	2	-0.24841	0.20248	0.32094	0.973961	336	1	-0.24841
Trmt112	4	0.071001	0.1589	0.999729	157	3	-1.4286	0.8396	0.84049	0.999995	857	0	-1.4286
Tnks	4	0.071671	0.16017	0.999729	158	3	-1.2756	0.73038	0.73243	0.999995	750	1	-1.2756
Skiv2l	4	0.072184	0.16111	0.999729	159	3	-1.4458	0.96738	0.9674	0.999995	999	0	-1.4458
Smc3	4	0.072355	0.16148	0.999729	160	3	-1.4536	0.30929	0.44139	0.975854	471	1	-1.4536
Hnmt	4	0.074021	0.16443	0.999729	161	2	-1.1573	0.85177	0.85265	0.999995	868	0	-1.1573
Sik1	4	0.076249	0.16924	0.999729	162	2	-1.0746	0.87956	0.88044	0.999995	906	0	-1.0746
Kat6a	4	0.07631	0.16937	0.999729	163	2	-0.32334	0.8243	0.82564	0.999995	834	0	-0.32334
Suv420h1	4	0.076529	0.16979	0.999729	164	2	-0.93058	0.72479	0.72766	0.999995	748	1	-0.93058
Trmt2b	4	0.078171	0.17261	0.999729	165	2	-0.66397	0.23451	0.3566	0.975854	377	2	-0.66397
Meaf6	4	0.07822	0.17272	0.999729	166	2	-1.2087	0.85941	0.86015	0.999995	880	0	-1.2087
Ylpm1	4	0.078329	0.17297	0.999729	167	3	-1.2961	0.36025	0.49514	0.978682	525	1	-1.2961
Rnf8	4	0.078786	0.17384	0.999729	168	2	-0.80743	0.059429	0.13586	0.93365	143	1	-0.80743
Kdm2a	4	0.079101	0.17437	0.999729	169	2	-0.45986	0.10394	0.20898	0.965384	214	1	-0.45986
Hdac6	4	0.079925	0.1759	0.999729	170	3	-1.3815	0.80822	0.8094	0.999995	819	0	-1.3815
Jmjd1c	4	0.080139	0.17636	0.999729	171	3	-0.88691	0.75329	0.75366	0.999995	774	1	-0.88691
Helz	4	0.081069	0.1781	0.999729	172	2	-0.67747	0.27429	0.40086	0.975854	430	2	-0.67747
Hirip3	4	0.081886	0.1797	0.999729	173	1	0.14928	0.81078	0.81214	0.999995	823	0	0.14928
Dqx1	4	0.082713	0.18131	0.999729	174	3	-1.0483	0.0034557	0.012248	0.665149	17	1	-1.0483
Tet3	4	0.083377	0.18275	0.999729	175	2	-0.67403	0.24474	0.36793	0.975854	390	2	-0.67403
Rbbp5	4	0.08559	0.18718	0.999729	176	2	-0.62853	0.76916	0.76995	0.999995	787	0	-0.62853
Dclre1c	4	0.086473	0.18879	0.999729	177	3	-0.78004	0.94453	0.94411	0.999995	970	0	-0.78004
Phf19	4	0.086514	0.18887	0.999729	178	1	0.25058	0.25693	0.38136	0.975854	408	2	0.25058
Tyms	4	0.087477	0.19065	0.999729	179	2	-0.45402	0.12184	0.22954	0.965384	241	2	-0.45402
Ing4	4	0.087899	0.19138	0.999729	180	1	-0.10911	0.33514	0.47109	0.978682	499	1	-0.10911
Scml2	4	0.088196	0.19195	0.999729	181	3	-0.93967	0.85505	0.85605	0.999995	875	0	-0.93967
Zfp108	4	0.088389	0.19231	0.999729	182	3	-0.7062	0.14334	0.25431	0.973961	264	1	-0.7062
Hmg20b	4	0.088959	0.19332	0.999729	183	2	-0.76439	0.24339	0.36634	0.975854	388	1	-0.76439
Chaf1a	4	0.088969	0.19332	0.999729	184	3	-0.77098	0.05375	0.12436	0.93365	127	1	-0.77098
Prmt5	4	0.089356	0.19406	0.999729	185	3	-0.8127	0.98384	0.98423	0.999995	1021	0	-0.8127
Ctbp1	4	0.08955	0.19449	0.999729	186	3	-0.94866	0.93818	0.93788	0.999995	963	0	-0.94866
Cxxc1	4	0.090203	0.19566	0.999729	187	2	-0.81187	0.50397	0.56988	0.999995	606	1	-0.81187
Bub1	4	0.090451	0.19609	0.999729	188	3	-1.3255	0.80707	0.80808	0.999995	816	0	-1.3255
Prdm10	4	0.091506	0.19804	0.999729	189	3	-1.251	0.95718	0.95704	0.999995	987	0	-1.251
Rnf20	4	0.0919	0.19885	0.999729	190	3	-0.72556	0.5028	0.56909	0.999995	604	1	-0.72556
Prmt6	4	0.091952	0.19891	0.999729	191	2	-1.1732	0.95173	0.95152	0.999995	979	0	-1.1732
Prmt4	4	0.09269	0.20017	0.999729	192	3	-1.2119	0.10758	0.21312	0.965384	218	1	-1.2119
Huwe1	4	0.093286	0.20133	0.999729	193	3	-0.79074	0.87338	0.87424	0.999995	898	0	-0.79074
Zbtb26	4	0.093881	0.20265	0.999729	194	1	0.41071	0.1674	0.28148	0.973961	291	2	0.41071
Nap1l1	4	0.095288	0.2052	0.999729	195	2	-0.42343	0.11165	0.21766	0.965384	222	2	-0.42343
Ddx3x	4	0.095716	0.20587	0.999729	196	2	-0.88892	0.34958	0.48696	0.978682	516	1	-0.88892
Zbtb9	4	0.096703	0.20754	0.999729	197	3	-0.93665	0.77919	0.78005	0.999995	794	0	-0.93665
Zfp131	4	0.096906	0.20796	0.999729	198	3	-0.97878	0.9461	0.94567	0.999995	973	0	-0.97878
Zcchc4	4	0.097109	0.20825	0.999729	199	3	-0.64999	0.95403	0.95391	0.999995	982	0	-0.64999
MouseNegCon_0059	1	0.098739	0.099409	0.859837	200	1	-2.4894	0.90126	0.90204	0.999995	926	0	-2.4894
Wdr5	4	0.098745	0.21117	0.999729	201	3	-0.71014	0.60306	0.63235	0.999995	667	1	-0.71014
Ankra2	4	0.098951	0.21153	0.999729	202	3	-1.0475	0.5303	0.58572	0.999995	620	1	-1.0475
Larp7	4	0.099908	0.21319	0.999729	203	2	-1.053	0.62673	0.64925	0.999995	684	1	-1.053
Brcc3	4	0.1004	0.21411	0.999729	204	3	-0.83815	0.95792	0.95775	0.999995	989	0	-0.83815
Mettl9	4	0.10081	0.21502	0.999729	205	3	-0.6757	0.77145	0.77217	0.999995	788	0	-0.6757
Nek6	4	0.10115	0.21579	0.999729	206	2	-0.82823	0.45929	0.54466	0.999722	578	1	-0.82823
Sfmbt2	4	0.10123	0.21593	0.999729	207	3	-0.74282	0.70867	0.71343	0.999995	734	1	-0.74282
Trmt6	4	0.10206	0.21762	0.999729	208	3	-0.66986	0.98283	0.9832	0.999995	1017	0	-0.66986
Kdm5a	4	0.10209	0.21765	0.999729	209	2	-1.0703	0.91235	0.91231	0.999995	935	0	-1.0703
Brd8	4	0.10269	0.21863	0.999729	210	3	-0.60916	0.89143	0.89215	0.999995	916	0	-0.60916
MouseNegCon_0018	1	0.10269	0.10344	0.859837	211	1	-2.3839	0.89731	0.89826	0.999995	922	0	-2.3839
Fbrsl1	4	0.10303	0.2192	0.999729	212	2	-0.91245	0.71605	0.71955	0.999995	741	1	-0.91245
Mkrn1	4	0.10335	0.21981	0.999729	213	2	-1.1429	0.78425	0.78509	0.999995	798	0	-1.1429
Atrx	4	0.10394	0.22076	0.999729	214	1	-0.48155	0.98163	0.98194	0.999995	1015	0	-0.48155
Mettl14	4	0.10417	0.22113	0.999729	215	3	-0.63684	0.78331	0.78406	0.999995	797	0	-0.63684
Zfp809	4	0.10485	0.22213	0.999729	216	2	-0.4336	0.80359	0.8047	0.999995	811	0	-0.4336
Zfp511	4	0.10493	0.22228	0.999729	217	2	-0.50337	0.17	0.28472	0.973961	296	2	-0.50337
Tdrd3	4	0.10695	0.22585	0.999729	218	3	-0.61502	0.71643	0.71996	0.999995	743	1	-0.61502
Ncapd2	4	0.10715	0.22611	0.999729	219	2	-1.0578	0.84939	0.85029	0.999995	864	0	-1.0578
Atxn2	4	0.10894	0.22922	0.999729	220	1	0.27403	0.33121	0.46635	0.978682	496	2	0.27403
Zfp612	4	0.10971	0.23003	0.999729	221	2	-0.75572	0.75776	0.75797	0.999995	778	1	-0.75572
Sirt4	4	0.11068	0.23111	0.999729	222	2	-0.89691	0.21079	0.3301	0.973961	347	1	-0.89691
Pibf1	4	0.11256	0.23307	0.999729	223	2	-0.42992	0.48259	0.55732	0.999995	592	1	-0.42992
Asf1a	4	0.11391	0.23454	0.999729	224	1	0.25893	0.10848	0.21423	0.965384	219	2	0.25893
Mcrs1	4	0.11425	0.23493	0.999729	225	2	-0.5995	0.19998	0.3182	0.973961	334	2	-0.5995
Phc2	4	0.11482	0.23548	0.999729	226	2	-0.35875	0.51841	0.57859	0.999995	612	1	-0.35875
Zbtb41	4	0.11842	0.23947	0.999729	227	1	0.66719	0.069305	0.15476	0.93365	164	3	0.66719
Smarca5	4	0.11885	0.23992	0.999729	228	2	-0.71645	0.011321	0.035457	0.787735	48	1	-0.71645
Larp1b	4	0.11951	0.24075	0.999729	229	2	-0.83754	0.16944	0.28405	0.973961	295	1	-0.83754
Naca	4	0.12111	0.24268	0.999729	230	2	-0.80242	0.92873	0.92817	0.999995	953	0	-0.80242
Zfp117	4	0.12318	0.24493	0.999729	231	2	-0.48508	0.16167	0.27484	0.973961	284	2	-0.48508
Senp3	4	0.12385	0.24576	0.999729	232	2	-0.63084	0.78982	0.79084	0.999995	802	0	-0.63084
Rnmt	4	0.12452	0.24634	0.999729	233	2	-0.89868	0.89475	0.89521	0.999995	917	0	-0.89868
Suz12	4	0.1247	0.24652	0.999729	234	2	-0.68913	0.49336	0.56345	0.999995	598	1	-0.68913
Ncapd3	4	0.1252	0.24706	0.999729	235	2	-1.0492	0.80793	0.80905	0.999995	818	0	-1.0492
MouseNegCon_0020	1	0.12617	0.12716	0.929929	236	1	-2.0749	0.87383	0.87435	0.999995	899	0	-2.0749
Zfp7	4	0.12723	0.24926	0.999729	237	2	-1.048	0.7377	0.73882	0.999995	756	1	-1.048
Smarcd2	4	0.12892	0.25121	0.999729	238	2	-0.61959	0.78705	0.78802	0.999995	800	0	-0.61959
Dek	4	0.12916	0.2514	0.999729	239	1	0.37308	0.13719	0.2469	0.973961	256	2	0.37308
Zfp292	4	0.13005	0.25247	0.999729	240	1	0.01993	0.33586	0.47186	0.978682	500	1	0.01993
Hmg20a	4	0.13094	0.25342	0.999729	241	1	-0.28348	0.30478	0.43643	0.975854	462	1	-0.28348
Zbtb40	4	0.13097	0.25347	0.999729	242	2	-0.78889	0.83581	0.83652	0.999995	853	0	-0.78889
Foxj2	4	0.13272	0.25535	0.999729	243	2	-0.64899	0.064141	0.14442	0.93365	153	1	-0.64899
Pinx1	4	0.13538	0.25802	0.999729	244	2	-0.12933	0.64481	0.66262	0.999995	694	1	-0.12933
Mettl21c	4	0.13545	0.25815	0.999729	245	2	-0.87946	0.7776	0.77842	0.999995	793	0	-0.87946
Zfp69	4	0.1358	0.25859	0.999729	246	2	-0.79536	0.84085	0.84179	0.999995	860	0	-0.79536
Brd4	4	0.13614	0.25897	0.999729	247	2	-1.0437	0.98498	0.98534	0.999995	1022	0	-1.0437
Satb1	4	0.13716	0.25984	0.999729	248	1	-0.15947	0.89566	0.89593	0.999995	919	0	-0.15947
Thumpd2	4	0.13892	0.26177	0.999729	249	1	0.041313	0.83453	0.83544	0.999995	850	0	0.041313
Numa1	4	0.13893	0.26178	0.999729	250	2	-0.45559	0.31521	0.44826	0.975854	477	2	-0.45559
Zfp622	4	0.13928	0.26218	0.999729	251	2	-0.76225	0.02788	0.071323	0.844903	88	1	-0.76225
MouseNegCon_0061	1	0.14199	0.14289	0.999729	252	1	-1.9118	0.85801	0.85867	0.999995	877	0	-1.9118
Nudt8	4	0.14314	0.2666	0.999729	253	2	-0.43445	0.18651	0.30339	0.973961	320	2	-0.43445
Kpna2	4	0.14334	0.26685	0.999729	254	1	-0.064555	0.9078	0.90782	0.999995	932	0	-0.064555
Zbtb42	4	0.1442	0.26775	0.999729	255	2	-0.39524	0.15733	0.26959	0.973961	281	2	-0.39524
Tada3	4	0.14597	0.26967	0.999729	256	2	-0.61744	0.92818	0.92773	0.999995	952	0	-0.61744
Morf4l1	4	0.14597	0.26967	0.999729	257	2	-0.74478	0.41828	0.52346	0.993472	550	1	-0.74478
Npm2	4	0.14668	0.27046	0.999729	258	2	-0.65709	0.26481	0.39066	0.975854	416	1	-0.65709
MouseNegCon_0077	1	0.14768	0.14829	0.999729	259	1	-1.8118	0.85232	0.85272	0.999995	869	0	-1.8118
Zbtb44	4	0.14918	0.27322	0.999729	260	2	-0.99932	0.9673	0.96729	0.999995	998	0	-0.99932
Prpf4b	4	0.14948	0.27349	0.999729	261	2	-0.62063	0.98556	0.98599	0.999995	1024	0	-0.62063
Ttf2	4	0.15494	0.27887	0.999729	262	2	-0.95752	0.93976	0.93942	0.999995	966	0	-0.95752
Zfp118	3	0.15607	0.25307	0.999729	263	1	-0.070893	0.87267	0.87157	0.999995	896	0	-0.070893
Arid5a	4	0.15733	0.28141	0.999729	264	2	-0.13847	0.03271	0.081665	0.895792	93	1	-0.13847
Smg5	4	0.1582	0.28227	0.999729	265	2	-0.72836	0.95764	0.95754	0.999995	988	0	-0.72836
MouseNegCon_0067	1	0.15929	0.15938	0.999729	266	1	-1.7038	0.84071	0.84132	0.999995	859	0	-1.7038
Klf10	4	0.1604	0.2848	0.999729	267	2	-0.56118	0.54909	0.59721	0.999995	630	1	-0.56118
Setx	4	0.16077	0.28527	0.999729	268	2	-0.69537	0.051852	0.1206	0.93365	124	1	-0.69537
Lrrc45	4	0.16334	0.28809	0.999729	269	2	-0.09558	0.057171	0.13137	0.93365	137	2	-0.09558
Brms1l	4	0.1634	0.28814	0.999729	270	2	-0.03902	0.21359	0.3331	0.973961	351	2	-0.03902
Ddb1	4	0.16427	0.28913	0.999729	271	1	-0.10393	0.67982	0.68927	0.999995	712	1	-0.10393
Cmtr2	4	0.16518	0.29032	0.999729	272	2	-0.85971	0.63794	0.65758	0.999995	691	1	-0.85971
Cbx7	4	0.16703	0.29241	0.999729	273	2	-0.78314	0.95856	0.9584	0.999995	990	0	-0.78314
MouseNegCon_0068	1	0.16794	0.16821	0.999729	274	1	-1.6361	0.83206	0.8327	0.999995	846	0	-1.6361
MouseNegCon_0053	1	0.16819	0.16853	0.999729	275	1	-1.63	0.83181	0.83244	0.999995	845	0	-1.63
MouseNegCon_0006	1	0.17215	0.17239	0.999729	276	1	-1.5491	0.82785	0.82859	0.999995	841	0	-1.5491
Baz1b	4	0.17262	0.2985	0.999729	277	2	-0.90832	0.97388	0.97426	0.999995	1008	0	-0.90832
MouseNegCon_0084	1	0.17264	0.17296	0.999729	278	1	-1.5987	0.82736	0.82803	0.999995	840	0	-1.5987
Zbtb16	4	0.17374	0.29967	0.999729	279	2	-0.63787	0.81219	0.81358	0.999995	825	0	-0.63787
Stk4	4	0.17487	0.30072	0.999729	280	2	-0.89559	0.85964	0.8604	0.999995	881	0	-0.89559
Zfp706	4	0.17801	0.30401	0.999729	281	2	-0.60637	0.82051	0.82204	0.999995	831	0	-0.60637
Zeb1	4	0.17864	0.30469	0.999729	282	2	-0.46216	0.10303	0.20801	0.965384	213	1	-0.46216
Eny2	4	0.17902	0.30521	0.999729	283	2	-0.66389	0.92455	0.92435	0.999995	949	0	-0.66389
Hira	4	0.1794	0.30566	0.999729	284	2	-0.10358	0.072642	0.16132	0.93365	171	2	-0.10358
Sin3b	4	0.18129	0.30782	0.999729	285	2	-0.83687	0.69308	0.69993	0.999995	725	1	-0.83687
Zfp708	4	0.18142	0.30797	0.999729	286	2	-0.21837	0.86566	0.86635	0.999995	887	0	-0.21837
Phf8	4	0.18227	0.30889	0.999729	287	2	-0.3147	0.8105	0.81179	0.999995	822	0	-0.3147
Smyd2	4	0.18312	0.30964	0.999729	288	1	0.26451	0.24803	0.3715	0.975854	397	2	0.26451
Hmga2	4	0.18358	0.31014	0.999729	289	2	-0.93189	0.95634	0.95621	0.999995	985	0	-0.93189
Kmt2e	4	0.18396	0.31065	0.999729	290	2	-0.67762	0.87042	0.87131	0.999995	892	0	-0.67762
Ctr9	4	0.18482	0.31155	0.999729	291	2	-0.56385	0.75741	0.7576	0.999995	777	1	-0.56385
Thumpd3	4	0.1851	0.31176	0.999729	292	2	-0.28239	0.26757	0.39362	0.975854	420	2	-0.28239
Kdm2b	4	0.18549	0.31222	0.999729	293	2	-0.56087	0.69834	0.70464	0.999995	728	1	-0.56087
MouseNegCon_0013	1	0.18599	0.18582	0.999729	294	1	-1.3718	0.81401	0.81504	0.999995	827	0	-1.3718
Satl1	4	0.18625	0.31313	0.999729	295	2	-0.7367	0.30177	0.433	0.975854	459	1	-0.7367
Scmh1	4	0.18736	0.3144	0.999729	296	1	0.25525	0.32039	0.45429	0.9775	486	2	0.25525
Ep400	4	0.18779	0.31484	0.999729	297	2	-0.40676	0.79013	0.79113	0.999995	803	0	-0.40676
Fancl	4	0.18894	0.31599	0.999729	298	2	-0.83927	0.94966	0.94932	0.999995	978	0	-0.83927
Zranb3	4	0.18989	0.31687	0.999729	299	1	0.39615	0.14704	0.25854	0.973961	267	2	0.39615
Apbb1	4	0.19158	0.31863	0.999729	300	1	0.24022	0.80475	0.80582	0.999995	812	0	0.24022
Nacc1	4	0.19242	0.31944	0.999729	301	2	-0.054214	0.176	0.29122	0.973961	305	2	-0.054214
Mbd2	4	0.19279	0.31979	0.999729	302	2	-0.22735	0.23696	0.35943	0.975854	382	2	-0.22735
Sin3a	4	0.19326	0.32038	0.999729	303	2	-0.56042	0.56941	0.61059	0.999995	646	1	-0.56042
L3mbtl3	4	0.19357	0.32069	0.999729	304	2	-0.63669	0.26088	0.38617	0.975854	412	1	-0.63669
Dpy30	4	0.19473	0.32196	0.999729	305	2	-0.3629	0.60945	0.63653	0.999995	671	1	-0.3629
Zbtb3	4	0.19495	0.32224	0.999729	306	2	-0.21488	0.77535	0.77634	0.999995	791	0	-0.21488
Zhx1	4	0.19662	0.32409	0.999729	307	1	0.021445	0.8661	0.86681	0.999995	888	0	0.021445
Foxk1	4	0.19706	0.32455	0.999729	308	2	-0.88808	0.11662	0.22321	0.965384	233	1	-0.88808
Foxj3	4	0.19745	0.325	0.999729	309	2	-0.33674	0.71682	0.72032	0.999995	744	1	-0.33674
Klf16	4	0.19914	0.32674	0.999729	310	2	-0.71656	0.28424	0.41248	0.975854	441	1	-0.71656
Svep1	4	0.19998	0.32766	0.999729	311	2	-0.16603	0.36448	0.49712	0.978682	528	1	-0.16603
Tnks2	4	0.20081	0.32849	0.999729	312	1	0.097985	0.50338	0.56947	0.999995	605	1	0.097985
Zfp821	4	0.20332	0.33115	0.999729	313	1	-0.14347	0.5604	0.60455	0.999995	636	1	-0.14347
Tet1	4	0.20498	0.33273	0.999729	314	1	0.27725	0.27263	0.39923	0.975854	427	1	0.27725
Trim16	4	0.20528	0.33302	0.999729	315	2	-0.063647	0.11556	0.22192	0.965384	231	2	-0.063647
Tlk2	4	0.20646	0.33436	0.999729	316	2	-0.5453	0.90944	0.90949	0.999995	933	0	-0.5453
Asxl3	4	0.20831	0.33645	0.999729	317	2	-0.43397	0.13804	0.24779	0.973961	257	1	-0.43397
Nsun6	4	0.20843	0.33656	0.999729	318	2	-0.73828	0.49455	0.5642	0.999995	600	1	-0.73828
Mier2	4	0.20962	0.33781	0.999729	319	2	-0.19061	0.21041	0.32974	0.973961	346	2	-0.19061
Prmt3	4	0.2112	0.33963	0.999729	320	2	-0.3286	0.35428	0.49172	0.978682	521	2	-0.3286
Dot1l	4	0.21245	0.34079	0.999729	321	1	0.19822	0.7811	0.78192	0.999995	796	0	0.19822
Pcgf2	4	0.21279	0.34115	0.999729	322	2	-0.56694	0.083739	0.1831	0.93365	194	1	-0.56694
Ucn	4	0.21478	0.34327	0.999729	323	2	-0.69512	0.94849	0.9482	0.999995	976	0	-0.69512
Dnmt3l	4	0.21558	0.34426	0.999729	324	2	-0.060857	0.11425	0.22056	0.965384	228	2	-0.060857
Prmt8	4	0.21598	0.34466	0.999729	325	2	-0.33554	0.54854	0.59687	0.999995	629	1	-0.33554
Zfp109	4	0.21657	0.34527	0.999729	326	1	1.4643	0.00172	0.0066083	0.616646	10	3	1.4643
Alkbh8	4	0.21822	0.34709	0.999729	327	1	0.90668	0.031245	0.078505	0.890829	92	2	0.90668
Zfp103	4	0.21904	0.34784	0.999729	328	2	-0.29452	0.26716	0.39326	0.975854	419	1	-0.29452
Tnip2	4	0.21957	0.34839	0.999729	329	2	-0.30629	0.46054	0.5453	0.999722	580	1	-0.30629
Zfp53	4	0.22037	0.34919	0.999729	330	2	-0.16172	0.18091	0.29696	0.973961	312	2	-0.16172
Rnf2	4	0.22238	0.3511	0.999729	331	2	-0.7149	0.74131	0.74207	0.999995	761	1	-0.7149
Fbxo9	4	0.22314	0.35177	0.999729	332	1	0.30533	0.19579	0.31347	0.973961	330	1	0.30533
Zfp61	4	0.22395	0.35272	0.999729	333	2	-0.19172	0.1103	0.21612	0.965384	220	1	-0.19172
Msl1	4	0.2252	0.35391	0.999729	334	2	-0.73724	0.92268	0.92242	0.999995	946	0	-0.73724
Ctbp2	4	0.22722	0.35611	0.999729	335	1	0.28037	0.0064106	0.02191	0.699807	32	2	0.28037
MouseNegCon_0056	1	0.22776	0.22816	0.999729	336	1	-1.1289	0.77224	0.77385	0.999995	789	0	-1.1289
Trmt5	4	0.22883	0.35796	0.999729	337	2	-0.45133	0.87106	0.87201	0.999995	894	0	-0.45133
Ncoa1	4	0.22885	0.35798	0.999729	338	2	-0.1292	0.30661	0.43845	0.975854	466	2	-0.1292
Btbd1	4	0.23045	0.3596	0.999729	339	2	-0.50927	0.9196	0.91934	0.999995	943	0	-0.50927
Hfm1	4	0.23128	0.3606	0.999729	340	1	0.22798	0.28116	0.40907	0.975854	439	2	0.22798
Larp1	4	0.23167	0.361	0.999729	341	2	-0.24553	0.31177	0.44426	0.975854	473	2	-0.24553
Prr14	4	0.2321	0.36139	0.999729	342	2	-0.095368	0.24351	0.3665	0.975854	389	2	-0.095368
Bach1	4	0.2337	0.36337	0.999729	343	2	-0.39146	0.20831	0.32737	0.973961	344	1	-0.39146
Slbp	4	0.23533	0.36514	0.999729	344	2	-0.51266	0.96078	0.96065	0.999995	991	0	-0.51266
E2f6	4	0.23695	0.3671	0.999729	345	1	0.33316	0.34381	0.4808	0.978682	510	2	0.33316
MouseNegCon_0031	1	0.23715	0.23761	0.999729	346	1	-1.0592	0.76285	0.76447	0.999995	780	0	-1.0592
Zfp90	4	0.23776	0.36787	0.999729	347	1	0.86325	0.025644	0.066492	0.844903	81	3	0.86325
Ift74	4	0.239	0.36921	0.999729	348	2	-0.43287	0.68484	0.69307	0.999995	715	1	-0.43287
Phf2	4	0.24098	0.37121	0.999729	349	1	0.17637	0.85458	0.85559	0.999995	873	0	0.17637
Mrgbp	4	0.24178	0.37202	0.999729	350	1	0.29557	0.25589	0.38028	0.975854	407	2	0.29557
Dpf2	4	0.24339	0.37368	0.999729	351	2	-0.55389	0.93416	0.9339	0.999995	961	0	-0.55389
Zfp316	4	0.24556	0.37599	0.999729	352	2	-0.25263	0.60108	0.63105	0.999995	665	1	-0.25263
MouseNegCon_0042	1	0.24679	0.24737	0.999729	353	1	-0.97869	0.75321	0.75482	0.999995	773	0	-0.97869
Zkscan3	4	0.24721	0.37782	0.999729	354	2	-0.22279	0.33772	0.47388	0.978682	501	2	-0.22279
Mef2b	4	0.24762	0.37815	0.999729	355	2	-0.55999	0.78674	0.78759	0.999995	799	0	-0.55999
Mcm3ap	4	0.24803	0.37856	0.999729	356	2	-0.68168	0.94731	0.94701	0.999995	975	0	-0.68168
Jmjd8	4	0.24819	0.37866	0.999729	357	2	-0.59006	0.88157	0.88243	0.999995	908	0	-0.59006
Mettl6	4	0.25058	0.3812	0.999729	358	1	0.0014935	0.11572	0.22217	0.965384	232	1	0.0014935
Senp1	4	0.25138	0.38192	0.999729	359	1	0.34829	0.17902	0.29465	0.973961	310	2	0.34829
Atf7ip	4	0.25216	0.38279	0.999729	360	2	-0.44582	0.67003	0.68158	0.999995	709	1	-0.44582
Phf3	4	0.25217	0.3828	0.999729	361	2	-0.25506	0.6196	0.64361	0.999995	679	1	-0.25506
Hmx2	4	0.25299	0.38363	0.999729	362	2	-0.68665	0.44417	0.53665	0.999722	568	1	-0.68665
Jarid2	4	0.25376	0.38442	0.999729	363	1	0.34028	0.27345	0.39999	0.975854	428	2	0.34028
Klf8	4	0.25465	0.38553	0.999729	364	2	-0.085528	0.20253	0.32102	0.973961	337	2	-0.085528
Gadd45b	4	0.25693	0.38786	0.999729	365	1	0.40797	0.13361	0.24316	0.973961	253	2	0.40797
Zbtb11	4	0.25797	0.38913	0.999729	366	2	-0.50794	0.92928	0.92881	0.999995	954	0	-0.50794
MouseNegCon_0085	1	0.26063	0.26131	0.999729	367	1	-0.91077	0.73937	0.74092	0.999995	758	0	-0.91077
Mettl18	4	0.26088	0.39242	0.999729	368	1	0.1089	0.079101	0.17381	0.93365	183	1	0.1089
MouseNegCon_0015	1	0.26162	0.26229	0.999729	369	1	-0.90792	0.73838	0.73998	0.999995	757	0	-0.90792
Aebp2	4	0.26172	0.39344	0.999729	370	2	-0.74767	0.88687	0.88752	0.999995	912	0	-0.74767
Zfp532	4	0.26422	0.39623	0.999729	371	2	-0.72532	0.53589	0.58898	0.999995	622	1	-0.72532
Uimc1	4	0.26481	0.39672	0.999729	372	1	-0.20144	0.6305	0.65188	0.999995	687	1	-0.20144
Jdp2	4	0.26638	0.39851	0.999729	373	1	0.067528	0.67432	0.68506	0.999995	710	1	0.067528
MouseNegCon_0019	1	0.26829	0.26946	0.999729	374	1	-0.8758	0.73171	0.73303	0.999995	752	0	-0.8758
MouseNegCon_0025	1	0.26903	0.2701	0.999729	375	1	-0.87083	0.73097	0.73241	0.999995	751	0	-0.87083
Hltf	4	0.26951	0.40162	0.999729	376	2	0.18153	0.08571	0.18708	0.93365	201	2	0.18153
Kti12	4	0.26967	0.40187	0.999729	377	2	-0.35073	0.60058	0.63073	0.999995	664	1	-0.35073
Phldb1	4	0.27051	0.40271	0.999729	378	2	-0.29461	0.16772	0.28186	0.973961	292	1	-0.29461
Bcdin3d	4	0.27107	0.40324	0.999729	379	1	-0.24404	0.33295	0.46839	0.978682	497	1	-0.24404
Poc5	4	0.27263	0.40485	0.999729	380	1	0.049087	0.14597	0.25725	0.973961	265	1	0.049087
Nap1l2	4	0.27303	0.40517	0.999729	381	2	-0.66186	0.83376	0.83464	0.999995	848	0	-0.66186
Rcor1	4	0.27598	0.40847	0.999729	382	2	-0.18154	0.35035	0.48786	0.978682	518	2	-0.18154
Smarcd1	4	0.2764	0.40897	0.999729	383	2	-0.50519	0.47836	0.55471	0.999995	589	1	-0.50519
Chd1	4	0.27682	0.40944	0.999729	384	2	-0.30433	0.18482	0.30137	0.973961	319	1	-0.30433
Hells	4	0.27729	0.41006	0.999729	385	1	0.65998	0.15061	0.26246	0.973961	273	2	0.65998
Pcaf	3	0.27812	0.39331	0.999729	386	1	-0.17991	0.87785	0.87689	0.999995	902	0	-0.17991
Supt7l	4	0.27851	0.41143	0.999729	387	2	-0.42821	0.014258	0.041501	0.805302	53	1	-0.42821
Arntl	4	0.27884	0.41177	0.999729	388	1	0.2531	0.25051	0.37416	0.975854	401	2	0.2531
MouseNegCon_0041	1	0.28188	0.28241	0.999729	389	1	-0.81143	0.71812	0.71936	0.999995	746	0	-0.81143
Zfp62	4	0.28193	0.41493	0.999729	390	1	-0.21031	0.5224	0.58101	0.999995	615	1	-0.21031
MouseNegCon_0083	1	0.28386	0.28428	0.999729	391	1	-0.80109	0.71614	0.71734	0.999995	742	0	-0.80109
Rcor3	4	0.28401	0.41718	0.999729	392	2	-0.6645	0.54636	0.59553	0.999995	627	1	-0.6645
Kdm5d	4	0.28424	0.41742	0.999729	393	2	-0.62547	0.024973	0.06494	0.843433	80	1	-0.62547
Trrap	4	0.28501	0.41835	0.999729	394	2	-0.2661	0.89657	0.89693	0.999995	921	0	-0.2661
Zfp410	4	0.28528	0.41866	0.999729	395	2	-0.14917	0.3049	0.43657	0.975854	463	2	-0.14917
Brpf1	4	0.28578	0.41911	0.999729	396	1	0.4275	0.02732	0.070111	0.844903	85	2	0.4275
Sf3b3	4	0.28613	0.41943	0.999729	397	2	-0.34704	0.76551	0.76628	0.999995	782	0	-0.34704
Kmt5b	3	0.28644	0.39819	0.999729	398	1	-0.43338	0.92012	0.91875	0.999995	944	0	-0.43338
Rsf1	4	0.28654	0.41988	0.999729	399	1	-0.20561	0.84987	0.85078	0.999995	865	0	-0.20561
Lsm14a	4	0.28655	0.41988	0.999729	400	2	-0.39908	0.49099	0.56218	0.999995	595	1	-0.39908
Nr2e1	4	0.28731	0.42074	0.999729	401	1	0.53839	0.032998	0.082115	0.895792	96	2	0.53839
Prmt2	4	0.28867	0.42237	0.999729	402	2	-0.48075	0.61768	0.6421	0.999995	677	1	-0.48075
MouseNegCon_0023	1	0.29325	0.29402	0.999729	403	1	-0.75168	0.70675	0.70764	0.999995	732	0	-0.75168
Kmt5a	4	0.29343	0.42774	0.999729	404	1	-0.4423	0.96967	0.96984	0.999995	1003	0	-0.4423
Kdm4b	4	0.29378	0.42814	0.999729	405	2	-0.19528	0.57516	0.61452	0.999995	650	1	-0.19528
Hinfp	4	0.29495	0.42937	0.999729	406	2	-0.17207	0.58239	0.61925	0.999995	654	1	-0.17207
Usf1	4	0.29571	0.43025	0.999729	407	1	-0.14959	0.86122	0.86183	0.999995	884	0	-0.14959
Spen	4	0.29647	0.43099	0.999729	408	1	0.51629	0.20331	0.32187	0.973961	338	2	0.51629
Trim28	4	0.29719	0.4317	0.999729	409	2	-0.64789	0.79166	0.79277	0.999995	805	0	-0.64789
Alx1	4	0.29762	0.43217	0.999729	410	2	-0.53256	0.08559	0.18681	0.93365	200	1	-0.53256
Zfp324	4	0.29848	0.43319	0.999729	411	2	0.17628	0.064064	0.14429	0.93365	152	2	0.17628
Tdrd7	4	0.30019	0.43526	0.999729	412	2	-0.12799	0.32428	0.45877	0.978682	489	2	-0.12799
Mtf2	4	0.30061	0.43569	0.999729	413	2	-0.30247	0.68692	0.69494	0.999995	718	1	-0.30247
Alkbh4	4	0.30101	0.43614	0.999729	414	1	0.29085	0.27851	0.40619	0.975854	435	2	0.29085
Nasp	4	0.30104	0.43617	0.999729	415	2	-0.55932	0.74594	0.7467	0.999995	767	1	-0.55932
Phf6	4	0.3019	0.43708	0.999729	416	2	0.59902	0.00099283	0.0037795	0.582037	7	2	0.59902
Bicd1	4	0.30233	0.43754	0.999729	417	2	-0.57261	0.76216	0.7629	0.999995	779	1	-0.57261
Zfp68	4	0.30361	0.43883	0.999729	418	2	-0.42284	0.93377	0.93347	0.999995	960	0	-0.42284
Hopx	4	0.30403	0.43932	0.999729	419	1	1.1517	0.0056709	0.019549	0.679815	29	3	1.1517
Tox4	4	0.30533	0.44075	0.999729	420	2	-0.11501	0.34338	0.48029	0.978682	509	2	-0.11501
Rbbp7	4	0.30575	0.4412	0.999729	421	2	-0.16055	0.74981	0.75032	0.999995	771	1	-0.16055
Henmt1	4	0.30618	0.44161	0.999729	422	2	0.30337	0.022789	0.0602	0.8112	77	2	0.30337
Leo1	4	0.30629	0.44171	0.999729	423	1	-0.054324	0.66222	0.67556	0.999995	704	1	-0.054324
Foxe3	4	0.30661	0.44207	0.999729	424	2	-0.31571	0.71797	0.72129	0.999995	745	1	-0.31571
Klf1	4	0.30747	0.44299	0.999729	425	2	-0.45875	0.86827	0.86919	0.999995	891	0	-0.45875
Zfp827	4	0.30929	0.44489	0.999729	426	1	-0.18178	0.28578	0.4143	0.975854	445	1	-0.18178
MouseNegCon_0074	1	0.31031	0.31082	0.999729	427	1	-0.68689	0.68969	0.69111	0.999995	722	0	-0.68689
Pygo2	4	0.31048	0.44631	0.999729	428	2	-0.41569	0.56572	0.60808	0.999995	642	1	-0.41569
Zfp710	4	0.31079	0.4466	0.999729	429	1	0.43746	0.23045	0.35157	0.975854	374	2	0.43746
Zmiz2	4	0.31153	0.44745	0.999729	430	1	-0.083518	0.62815	0.65015	0.999995	685	1	-0.083518
MouseNegCon_0022	1	0.31179	0.31232	0.999729	431	1	-0.66787	0.68821	0.68953	0.999995	721	0	-0.66787
Kmt2a	4	0.31263	0.44852	0.999729	432	2	-0.57242	0.74381	0.74454	0.999995	765	1	-0.57242
Arid3b	4	0.31306	0.44909	0.999729	433	2	-0.29631	0.56624	0.60838	0.999995	643	1	-0.29631
Smarcal1	4	0.31377	0.44981	0.999729	434	1	-0.022987	0.28501	0.41347	0.975854	443	1	-0.022987
MouseNegCon_0093	1	0.31624	0.31658	0.999729	435	1	-0.64123	0.68376	0.68545	0.999995	713	0	-0.64123
Mbip	4	0.3178	0.45422	0.999729	436	2	-0.0066444	0.17116	0.28588	0.973961	300	2	-0.0066444
Zscan21	4	0.31823	0.4547	0.999729	437	2	-0.037344	0.24886	0.37231	0.975854	398	2	-0.037344
Fbxw4	4	0.31953	0.4561	0.999729	438	2	-0.33951	0.040401	0.097554	0.93365	106	1	-0.33951
Klf5	4	0.31972	0.4563	0.999729	439	1	0.0061839	0.80562	0.80657	0.999995	814	0	0.0061839
Pkn2	4	0.32298	0.45979	0.999729	440	2	-0.49538	0.44671	0.53788	0.999722	570	1	-0.49538
Zfp384	4	0.32341	0.46018	0.999729	441	1	0.38207	0.25217	0.37592	0.975854	402	2	0.38207
Pcgf5	4	0.32385	0.46068	0.999729	442	2	-0.018729	0.086514	0.18854	0.936602	202	2	-0.018729
Trmu	4	0.32428	0.46135	0.999729	443	2	-0.52928	0.64753	0.66455	0.999995	698	1	-0.52928
Ing5	4	0.32562	0.46272	0.999729	444	1	0.02789	0.61864	0.64291	0.999995	678	1	0.02789
Zfp57	4	0.32783	0.46513	0.999729	445	1	-0.10499	0.60008	0.63049	0.999995	663	1	-0.10499
MouseNegCon_0087	1	0.33008	0.33049	0.999729	446	1	-0.59321	0.66992	0.67242	0.999995	708	0	-0.59321
Tdrd1	4	0.33149	0.46888	0.999729	447	1	0.52323	0.27893	0.40665	0.975854	436	2	0.52323
Cbx3	4	0.33164	0.46903	0.999729	448	2	-0.4376	0.94654	0.94616	0.999995	974	0	-0.4376
Rybp	4	0.33208	0.46953	0.999729	449	2	-0.15594	0.27961	0.40743	0.975854	437	1	-0.15594
Set	4	0.33294	0.47055	0.999729	450	2	0.36044	0.019092	0.052081	0.805302	67	2	0.36044
Zfp777	4	0.33295	0.47056	0.999729	451	1	0.12595	0.70828	0.71311	0.999995	733	1	0.12595
Dtd1	4	0.33381	0.47158	0.999729	452	2	-0.6275	0.62579	0.64851	0.999995	683	1	-0.6275
Phf20	4	0.33512	0.47316	0.999729	453	2	0.0014304	0.20804	0.32713	0.973961	343	2	0.0014304
Zfp407	4	0.33598	0.47398	0.999729	454	2	-0.59595	0.92341	0.92303	0.999995	948	0	-0.59595
Cbx6	4	0.33859	0.47672	0.999729	455	2	-0.036265	0.24968	0.37321	0.975854	399	2	-0.036265
Trerf1	4	0.33877	0.47694	0.999729	456	1	0.50938	0.030479	0.07687	0.881557	91	2	0.50938
Trim25	4	0.34077	0.47893	0.999729	457	2	0.032413	0.212	0.3314	0.973961	349	2	0.032413
Syce1	4	0.34094	0.47911	0.999729	458	1	-0.36596	0.93155	0.93102	0.999995	958	0	-0.36596
Lmnb2	4	0.34164	0.47987	0.999729	459	2	-0.57163	0.97787	0.97823	0.999995	1011	0	-0.57163
Ncor1	4	0.34207	0.48028	0.999729	460	2	0.39359	0.01328	0.03937	0.805302	50	2	0.39359
Zfp106	4	0.34239	0.48063	0.999729	461	2	-0.48703	0.96923	0.96943	0.999995	1002	0	-0.48703
Mier1	4	0.34338	0.48189	0.999729	462	2	-0.50544	0.94588	0.94539	0.999995	972	0	-0.50544
Suv420h2	4	0.34381	0.4824	0.999729	463	2	-0.44913	0.25535	0.37968	0.975854	405	1	-0.44913
Sap130	4	0.34425	0.48278	0.999729	464	2	-0.3608	0.80678	0.80786	0.999995	815	0	-0.3608
Zfp369	4	0.34455	0.483	0.999729	465	1	0.12982	0.70671	0.71176	0.999995	731	1	0.12982
Shmt2	4	0.34512	0.48363	0.999729	466	2	-0.44739	0.80095	0.80207	0.999995	809	0	-0.44739
Mettl25	4	0.34599	0.48462	0.999729	467	1	0.42634	0.26088	0.38617	0.975854	413	2	0.42634
Lcmt2	4	0.34643	0.48512	0.999729	468	2	-0.26499	0.65426	0.6696	0.999995	700	1	-0.26499
Kat7	4	0.34671	0.48547	0.999729	469	2	-0.49511	0.34814	0.48562	0.978682	514	1	-0.49511
Zfp623	4	0.34686	0.48569	0.999729	470	2	-0.53832	0.96399	0.96388	0.999995	995	0	-0.53832
Ski	4	0.3473	0.4861	0.999729	471	2	-0.16639	0.77308	0.77405	0.999995	790	0	-0.16639
Hdac11	4	0.34742	0.4862	0.999729	472	1	0.87889	0.020185	0.05457	0.805302	70	2	0.87889
Sap25	4	0.34773	0.48666	0.999729	473	2	-0.32947	0.16858	0.28294	0.973961	294	1	-0.32947
Zbtb7	4	0.34814	0.48704	0.999729	474	1	0.066998	0.80504	0.80604	0.999995	813	0	0.066998
Znhit1	4	0.34817	0.48705	0.999729	475	2	-0.49544	0.3942	0.51145	0.989841	540	1	-0.49544
Tcfl4	4	0.34991	0.48874	0.999729	476	2	-0.38245	0.56993	0.61087	0.999995	647	1	-0.38245
Setd5	4	0.35029	0.4891	0.999729	477	1	1.0604	0.027706	0.07091	0.844903	87	3	1.0604
Terf2	4	0.35253	0.49119	0.999729	478	2	-0.44075	0.93951	0.93921	0.999995	965	0	-0.44075
Cbx1	4	0.3534	0.49198	0.999729	479	2	-0.26649	0.79196	0.7931	0.999995	806	0	-0.26649
MouseNegCon_0040	1	0.35479	0.35558	0.999729	480	0	-0.48647	0.64521	0.64828	0.999995	695	0	-0.48647
Nap1l3	4	0.35515	0.49386	0.999729	481	2	-0.43002	0.78952	0.79047	0.999995	801	0	-0.43002
Zfp426	4	0.356	0.49493	0.999729	482	1	0.60779	0.20686	0.32571	0.973961	342	2	0.60779
Zfp617	4	0.35734	0.4965	0.999729	483	2	-0.57936	0.9688	0.96897	0.999995	1001	0	-0.57936
Uty	4	0.35821	0.49745	0.999729	484	2	0.15888	0.087437	0.18968	0.937937	203	2	0.15888
Arid3c	4	0.35996	0.49939	0.999729	485	2	-0.27379	0.88473	0.88545	0.999995	910	0	-0.27379
Brms1	4	0.36025	0.49974	0.999729	486	1	-0.053794	0.14245	0.25312	0.973961	263	1	-0.053794
Fancg	4	0.36433	0.50441	0.999729	487	2	-0.56123	0.2264	0.34688	0.975854	368	1	-0.56123
Syncrip	4	0.36448	0.50454	0.999729	488	1	-0.36002	0.61672	0.64141	0.999995	676	1	-0.36002
Chd3	4	0.36521	0.50541	0.999729	489	2	0.40192	0.020027	0.05423	0.805302	68	2	0.40192
Trdmt1	4	0.36729	0.50763	0.999729	490	1	-0.046291	0.45366	0.5419	0.999722	575	1	-0.046291
Srebf2	4	0.36869	0.50931	0.999729	491	1	0.39799	0.53533	0.58868	0.999995	621	1	0.39799
Eya1	4	0.37009	0.51062	0.999729	492	1	-0.23165	0.47654	0.55373	0.999995	587	1	-0.23165
Gmeb1	4	0.37134	0.51207	0.999729	493	2	-0.42337	0.95294	0.95294	0.999995	981	0	-0.42337
Zfp839	4	0.37567	0.51656	0.999729	494	2	-0.018613	0.32688	0.46167	0.978682	492	2	-0.018613
Cry1	4	0.37616	0.51701	0.999729	495	2	-0.078456	0.69062	0.69781	0.999995	724	1	-0.078456
Zbtb38	4	0.37636	0.5172	0.999729	496	1	0.33672	0.26873	0.39484	0.975854	421	1	0.33672
Nfe2	4	0.37844	0.51946	0.999729	497	1	0.44231	0.18243	0.29872	0.973961	316	2	0.44231
Mael	4	0.37967	0.52077	0.999729	498	2	-0.43677	0.51899	0.5789	0.999995	613	1	-0.43677
Ing1	4	0.38098	0.52217	0.999729	499	2	-0.50768	0.97496	0.97524	0.999995	1009	0	-0.50768
Msl2	4	0.38274	0.52411	0.999729	500	2	-0.023333	0.34948	0.48689	0.978682	515	2	-0.023333
Nfe2l2	4	0.38318	0.52454	0.999729	501	2	-0.077773	0.74665	0.74732	0.999995	768	1	-0.077773
Zfp445	4	0.38396	0.52525	0.999729	502	2	-0.58568	0.6556	0.67055	0.999995	701	1	-0.58568
Rhox6	4	0.38406	0.52534	0.999729	503	2	-0.53959	0.97317	0.97358	0.999995	1007	0	-0.53959
Phldb3	4	0.38464	0.52594	0.999729	504	1	-0.29877	0.91107	0.91099	0.999995	934	0	-0.29877
Glyr1	4	0.3867	0.52809	0.999729	505	1	-0.29644	0.40767	0.51819	0.991367	544	1	-0.29644
Ss18l1	4	0.38845	0.53012	0.999729	506	2	-0.39941	0.18142	0.29759	0.973961	313	1	-0.39941
L3mbtl2	4	0.38932	0.53115	0.999729	507	2	0.20022	0.10619	0.21162	0.965384	216	2	0.20022
Gadd45g	4	0.38944	0.53129	0.999729	508	1	-0.17533	0.75501	0.75524	0.999995	775	1	-0.17533
MouseNegCon_0046	1	0.39434	0.39476	0.999729	509	0	-0.34908	0.60566	0.60776	0.999995	669	0	-0.34908
Setd6	4	0.39503	0.53734	0.999729	510	2	0.10439	0.081886	0.17922	0.93365	188	2	0.10439
Ftsj1	4	0.39679	0.53908	0.999729	511	2	-0.31059	0.93022	0.92965	0.999995	956	0	-0.31059
Helq	4	0.39692	0.53927	0.999729	512	1	0.29871	0.15907	0.27167	0.973961	283	2	0.29871
Atad2	4	0.39811	0.54072	0.999729	513	2	0.20298	0.12858	0.23732	0.965384	249	2	0.20298
Macrod2	4	0.39943	0.54221	0.999729	514	2	-0.41736	0.42679	0.52775	0.99635	555	1	-0.41736
Lmnb1	4	0.40566	0.54699	0.999729	515	1	0.12396	0.81021	0.81146	0.999995	821	0	0.12396
Hmgn1	4	0.40633	0.54728	0.999729	516	1	0.60402	0.075836	0.16773	0.93365	178	3	0.60402
MouseNegCon_0096	1	0.40695	0.40698	0.999729	517	0	-0.29791	0.59305	0.59462	0.999995	657	0	-0.29791
Chd2	4	0.40967	0.54893	0.999729	518	1	0.27608	0.058484	0.13401	0.93365	141	2	0.27608
MouseNegCon_0070	1	0.41856	0.41885	0.999729	519	0	-0.2666	0.58144	0.58269	0.999995	653	0	-0.2666
Mettl5	4	0.42025	0.55357	0.999729	520	1	0.53325	0.27574	0.4027	0.975854	432	2	0.53325
Chrac1	4	0.42353	0.55499	0.999729	521	1	0.095837	0.31435	0.44728	0.975854	476	2	0.095837
MouseNegCon_0002	1	0.4282	0.42833	0.999729	522	0	-0.23589	0.5718	0.57285	0.999995	648	0	-0.23589
Cdyl	4	0.43134	0.55873	0.999729	523	1	0.022399	0.62247	0.64585	0.999995	681	1	0.022399
Sirt2	4	0.43263	0.55936	0.999729	524	1	0.5238	0.30233	0.43361	0.975854	460	2	0.5238
MouseNegCon_0026	1	0.43487	0.43513	0.999729	525	0	-0.20778	0.56513	0.56641	0.999995	641	0	-0.20778
MouseNegCon_0062	1	0.43586	0.43619	0.999729	526	0	-0.21516	0.56414	0.56549	0.999995	640	0	-0.21516
Zfp81	4	0.43906	0.56229	0.999729	527	1	0.11226	0.23776	0.36022	0.975854	384	1	0.11226
Zfp54	4	0.44034	0.56289	0.999729	528	1	0.53245	0.17038	0.28515	0.973961	297	2	0.53245
Nsd2	4	0.44226	0.56372	0.999729	529	1	0.056561	0.24098	0.36372	0.975854	386	1	0.056561
Parp3	4	0.44481	0.56486	0.999729	530	1	-0.14719	0.51325	0.57551	0.999995	608	1	-0.14719
Elp4	4	0.44544	0.56516	0.999729	531	1	-0.0071478	0.016213	0.046148	0.805302	58	1	-0.0071478
Nbn	4	0.44671	0.56567	0.999729	532	1	-0.35539	0.30779	0.43976	0.975854	468	1	-0.35539
MouseNegCon_0021	1	0.44674	0.44692	0.999729	533	0	-0.16673	0.55326	0.55394	0.999995	632	0	-0.16673
MouseNegCon_0052	1	0.44871	0.44891	0.999729	534	0	-0.15784	0.55129	0.55177	0.999995	631	0	-0.15784
Cbx5	4	0.4524	0.5686	0.999729	535	1	0.61367	0.021087	0.056609	0.805302	72	2	0.61367
Prmt7	4	0.45491	0.56969	0.999729	536	1	0.1396	0.21957	0.33973	0.973961	361	2	0.1396
Ankrd36	4	0.45617	0.57026	0.999729	537	1	-0.31222	0.9158	0.91547	0.999995	940	0	-0.31222
Ezh1	4	0.45679	0.57058	0.999729	538	1	-0.16506	0.8386	0.83951	0.999995	855	0	-0.16506
Nsun4	4	0.46054	0.57222	0.999729	539	1	0.079982	0.68609	0.69422	0.999995	716	1	0.079982
Tdg	4	0.46116	0.57261	0.999729	540	1	-0.25654	0.66571	0.67819	0.999995	706	1	-0.25654
Atxn7	4	0.46488	0.57436	0.999729	541	1	0.7907	0.040263	0.097334	0.93365	105	3	0.7907
Gcc2	4	0.46673	0.57522	0.999729	542	1	0.70154	0.034637	0.085467	0.912214	98	3	0.70154
Kdm7a	4	0.46858	0.57613	0.999729	543	1	0.13257	0.27471	0.40142	0.975854	431	2	0.13257
Chd4	4	0.47471	0.57887	0.999729	544	1	0.36472	0.54142	0.59217	0.999995	625	1	0.36472
Ehmt2	4	0.47775	0.58027	0.999729	545	1	0.23181	0.13272	0.24209	0.973961	252	1	0.23181
Hmgn2	4	0.47957	0.58129	0.999729	546	1	0.022388	0.037522	0.091612	0.93365	102	1	0.022388
MouseNegCon_0047	1	0.48159	0.48147	0.999729	547	0	-0.068005	0.51841	0.51827	0.991367	611	0	-0.068005
Dnmt3a	4	0.4856	0.58434	0.999729	548	1	0.37404	0.73186	0.73376	0.999995	753	1	0.37404
Phf7	4	0.4862	0.58459	0.999729	549	1	0.49552	0.17262	0.28752	0.973961	302	2	0.49552
Tdrd5	4	0.49099	0.58719	0.999729	550	1	1.0968	0.01601	0.045588	0.805302	57	3	1.0968
Hmgn5	4	0.49158	0.58743	0.999729	551	1	0.037343	0.83273	0.8337	0.999995	847	0	0.037343
Hoxa10	4	0.49396	0.58869	0.999729	552	1	-0.36588	0.92968	0.92916	0.999995	955	0	-0.36588
Nsun2	4	0.49692	0.59035	0.999729	553	1	0.6899	0.029911	0.075594	0.876238	90	2	0.6899
Trmt12	4	0.4981	0.59099	0.999729	554	1	0.16793	0.8259	0.82708	0.999995	836	0	0.16793
Erbb4	4	0.49869	0.59126	0.999729	555	1	0.51528	0.34033	0.47666	0.978682	505	2	0.51528
Kdm8	4	0.50338	0.59384	0.999729	556	1	0.037973	0.87149	0.87247	0.999995	895	0	0.037973
MouseNegCon_0037	1	0.50383	0.50404	0.999729	557	0	0.014988	0.49617	0.49598	0.978682	601	0	0.014988
Per2	4	0.50572	0.59509	0.999729	558	1	0.80864	0.054184	0.12537	0.93365	129	3	0.80864
MouseNegCon_0009	1	0.50606	0.5061	0.999729	559	0	0.017957	0.49394	0.49372	0.978682	599	0	0.017957
MouseNegCon_0001	1	0.50704	0.50712	0.999729	560	0	0.02132	0.49296	0.49277	0.978682	597	0	0.02132
Gfi1b	4	0.50746	0.5961	0.999729	561	1	0.1552	0.7965	0.79777	0.999995	808	0	0.1552
Suds3	4	0.50804	0.59651	0.999729	562	1	0.39476	0.69915	0.70539	0.999995	729	1	0.39476
Zgpat	4	0.51325	0.59935	0.999729	563	1	-0.1427	0.36799	0.49897	0.978682	529	1	-0.1427
Frg1	4	0.5144	0.59999	0.999729	564	1	-0.2999	0.83428	0.83521	0.999995	849	0	-0.2999
Zfp113	4	0.51498	0.60025	0.999729	565	1	1.1237	0.02229	0.059071	0.8112	75	3	1.1237
Sox1	4	0.51555	0.60053	0.999729	566	1	0.36494	0.29037	0.41972	0.975854	450	1	0.36494
MouseNegCon_0092	1	0.51619	0.51605	0.999729	567	0	0.052134	0.48381	0.48372	0.978682	593	0	0.052134
Zeb2	4	0.51727	0.60141	0.999729	568	1	-0.074844	0.64662	0.66396	0.999995	697	1	-0.074844
Phf13	4	0.51784	0.60175	0.999729	569	1	-0.23585	0.55773	0.60289	0.999995	633	1	-0.23585
MouseNegCon_0034	1	0.51817	0.51806	0.999729	570	0	0.057587	0.48183	0.48169	0.978682	591	0	0.057587
Foxi2	4	0.51956	0.60266	0.999729	571	1	-0.15095	0.7959	0.79698	0.999995	807	0	-0.15095
Lmna	4	0.52183	0.60396	0.999729	572	1	0.28447	0.26339	0.38917	0.975854	415	2	0.28447
Jmjd4	4	0.52693	0.60658	0.999729	573	1	0.23893	0.55933	0.60392	0.999995	635	1	0.23893
Mllt6	4	0.52749	0.60687	0.999729	574	1	-0.2965	0.30629	0.43808	0.975854	465	1	-0.2965
Mllt1	4	0.52806	0.60713	0.999729	575	1	0.1054	0.44925	0.53931	0.999722	572	1	0.1054
MouseNegCon_0094	1	0.53324	0.53313	0.999729	576	0	0.090776	0.46676	0.46635	0.978682	584	0	0.090776
Shprh	4	0.53422	0.61029	0.999729	577	1	0.65791	0.061235	0.13913	0.93365	146	3	0.65791
Kdm6b	4	0.537	0.61179	0.999729	578	1	0.039395	0.37982	0.5044	0.981937	536	1	0.039395
MouseNegCon_0035	1	0.53942	0.53931	0.999729	579	0	0.11522	0.46058	0.46055	0.978682	581	0	0.11522
Hdac1	4	0.54197	0.61427	0.999729	580	1	0.1762	0.21717	0.3372	0.973961	356	2	0.1762
Zfp524	4	0.54307	0.61497	0.999729	581	1	0.24531	0.31349	0.44623	0.975854	475	2	0.24531
Nr2c1	4	0.54362	0.61526	0.999729	582	1	0.078774	0.57672	0.61545	0.999995	651	1	0.078774
Lsm1	4	0.548	0.61786	0.999729	583	1	0.83359	0.045533	0.10793	0.93365	116	3	0.83359
Pcnt	4	0.54854	0.61814	0.999729	584	1	-0.021654	0.40029	0.51451	0.991367	542	1	-0.021654
Rcbtb1	4	0.54963	0.61877	0.999729	585	1	0.12489	0.53811	0.59026	0.999995	623	1	0.12489
Larp4	4	0.55072	0.61927	0.999729	586	1	1.0103	0.018883	0.051668	0.805302	66	3	1.0103
MouseNegCon_0098	1	0.55178	0.55234	0.999729	587	0	0.14666	0.44822	0.44841	0.975854	571	0	0.14666
Asz1	4	0.55288	0.62056	0.999729	588	1	0.20087	0.68816	0.69591	0.999995	720	1	0.20087
Btbd12	4	0.5545	0.62145	0.999729	589	1	-0.08663	0.55826	0.60323	0.999995	634	1	-0.08663
Ncoa3	4	0.55504	0.62176	0.999729	590	1	0.21896	0.1345	0.24414	0.973961	254	1	0.21896
Gmcl1	4	0.55612	0.62246	0.999729	591	1	-0.19712	0.8267	0.82789	0.999995	839	0	-0.19712
Tcf7l1	4	0.55773	0.62344	0.999729	592	1	-0.027173	0.54472	0.59444	0.999995	626	1	-0.027173
Zfp606	4	0.55826	0.62373	0.999729	593	1	0.62427	0.080686	0.17685	0.93365	186	3	0.62427
Tpmt	4	0.55933	0.62432	0.999729	594	1	0.59148	0.08836	0.19067	0.938537	204	2	0.59148
MouseNegCon_0095	1	0.55969	0.56077	0.999729	595	0	0.15897	0.44031	0.44042	0.975854	564	0	0.15897
Tarbp1	4	0.55987	0.62458	0.999729	596	1	-0.33761	0.89925	0.89963	0.999995	924	0	-0.33761
MouseNegCon_0060	1	0.56315	0.56438	0.999729	597	0	0.16546	0.43685	0.43714	0.975854	563	0	0.16546
Dffb	4	0.5636	0.62671	0.999729	598	1	0.28441	0.062258	0.14095	0.93365	150	1	0.28441
MouseNegCon_0016	1	0.56414	0.56549	0.999729	599	0	0.177	0.43586	0.43619	0.975854	561	0	0.177
Dact1	4	0.56466	0.62737	0.999729	600	1	0.36686	0.026911	0.069109	0.844903	84	1	0.36686
Klf15	4	0.56519	0.62765	0.999729	601	1	0.62987	0.018631	0.051255	0.805302	65	2	0.62987
Hdac10	4	0.56572	0.62798	0.999729	602	1	0.28867	0.4692	0.54994	0.999995	585	1	0.28867
Zfp110	4	0.56677	0.62859	0.999729	603	1	0.26086	0.32298	0.45716	0.978682	488	2	0.26086
MouseNegCon_0097	1	0.56686	0.56815	0.999729	604	0	0.16761	0.43314	0.43322	0.975854	560	0	0.16761
Dido1	4	0.5673	0.62897	0.999729	605	1	0.40937	0.73552	0.73687	0.999995	755	1	0.40937
Tert	4	0.56835	0.62956	0.999729	606	1	-0.30989	0.45991	0.54496	0.999722	579	1	-0.30989
MouseNegCon_0086	1	0.57007	0.5712	0.999729	607	0	0.18923	0.42993	0.42997	0.975854	558	0	0.18923
Gatad2a	4	0.57098	0.63105	0.999729	608	1	0.65766	0.19009	0.30721	0.973961	326	2	0.65766
MouseNegCon_0044	1	0.5713	0.57234	0.999729	609	0	0.19707	0.4287	0.42875	0.975854	557	0	0.19707
MouseNegCon_0049	1	0.57205	0.5731	0.999729	610	0	0.17191	0.42795	0.42812	0.975854	556	0	0.17191
Zfp330	4	0.57307	0.63235	0.999729	611	1	0.089903	0.22318	0.34338	0.974114	365	2	0.089903
MouseNegCon_0005	1	0.57353	0.5746	0.999729	612	0	0.19843	0.42647	0.42671	0.975854	554	0	0.19843
Pcgf6	4	0.5736	0.63271	0.999729	613	1	0.57136	0.054701	0.12648	0.93365	131	2	0.57136
Hdac7	4	0.57412	0.63316	0.999729	614	1	0.18499	0.80764	0.80874	0.999995	817	0	0.18499
MouseNegCon_0088	1	0.5765	0.57746	0.999729	615	0	0.20506	0.4235	0.42377	0.975854	552	0	0.20506
Klf3	4	0.57724	0.63492	0.999729	616	1	0.034187	0.11932	0.22656	0.965384	236	1	0.034187
Alkbh1	4	0.58291	0.63801	0.999729	617	1	0.63265	0.077076	0.17008	0.93365	181	3	0.63265
Zfp735	4	0.58393	0.63859	0.999729	618	1	0.67709	0.11301	0.21911	0.965384	224	2	0.67709
Tet2	4	0.58445	0.63888	0.999729	619	1	-0.013717	0.64116	0.6599	0.999995	693	1	-0.013717
Zbtb5	4	0.58496	0.63918	0.999729	620	1	-0.0089622	0.52862	0.5847	0.999995	618	1	-0.0089622
Asxl1	4	0.58649	0.64	0.999729	621	1	0.47843	0.14069	0.25117	0.973961	261	2	0.47843
Hic1	4	0.587	0.64033	0.999729	622	1	0.6707	0.083668	0.18299	0.93365	193	2	0.6707
Asf1b	4	0.59005	0.64228	0.999729	623	1	1.0806	0.013646	0.040307	0.805302	52	3	1.0806
Dnttip2	4	0.59308	0.64406	0.999729	624	1	-0.15399	0.90747	0.90747	0.999995	931	0	-0.15399
Pygo1	4	0.59358	0.64434	0.999729	625	1	0.95588	0.043488	0.10362	0.93365	111	3	0.95588
Zbtb1	4	0.59809	0.64657	0.999729	626	1	0.099747	0.34094	0.47733	0.978682	506	1	0.099747
Mettl7b	4	0.59859	0.64683	0.999729	627	1	0.35593	0.11819	0.22503	0.965384	234	2	0.35593
Msl3	4	0.60008	0.64781	0.999729	628	1	-0.21033	0.87875	0.87962	0.999995	905	0	-0.21033
Elp3	4	0.60207	0.64894	0.999729	629	1	0.22629	0.57775	0.6162	0.999995	652	1	0.22629
Grip1	4	0.60306	0.64952	0.999729	630	1	-0.001786	0.33946	0.4757	0.978682	503	2	-0.001786
Zbtb33	4	0.60404	0.65014	0.999729	631	1	0.28432	0.31651	0.44985	0.975854	480	2	0.28432
Zfp143	4	0.60896	0.65297	0.999729	632	1	-0.23803	0.83809	0.83885	0.999995	854	0	-0.23803
Prdm16	4	0.61042	0.65382	0.999729	633	1	-0.15039	0.39962	0.51427	0.991367	541	1	-0.15039
Zfp408	4	0.61285	0.65526	0.999729	634	1	0.092333	0.15036	0.26219	0.973961	272	1	0.092333
Cbx8	4	0.61479	0.65647	0.999729	635	1	-0.17393	0.56783	0.60948	0.999995	644	1	-0.17393
Chd6	4	0.61624	0.65729	0.999729	636	1	0.79071	0.044242	0.10528	0.93365	114	3	0.79071
Zfp125	4	0.6172	0.65786	0.999729	637	1	0.87434	0.0083769	0.028165	0.740522	41	3	0.87434
Bag6	4	0.6196	0.65957	0.999729	638	1	0.17635	0.072578	0.16119	0.93365	170	1	0.17635
Alkbh3	4	0.62199	0.66118	0.999729	639	1	0.36235	0.12291	0.23083	0.965384	242	1	0.36235
Tbl1xr1	4	0.62247	0.66152	0.999729	640	1	0.69882	0.046875	0.11072	0.93365	118	2	0.69882
MouseNegCon_0008	1	0.62395	0.62632	0.999729	641	0	0.29793	0.37605	0.3765	0.975854	535	0	0.29793
Mettl22	4	0.62437	0.66277	0.999729	642	1	0.44807	0.57412	0.6139	0.999995	649	1	0.44807
Zfp711	4	0.63003	0.66646	0.999729	643	1	0.30203	0.00049422	0.0019334	0.52104	4	1	0.30203
MouseNegCon_0038	1	0.63013	0.63293	0.999729	644	0	0.31814	0.36987	0.37029	0.975854	530	0	0.31814
Trim66	4	0.63096	0.66711	0.999729	645	1	0.20298	0.10667	0.21209	0.965384	217	2	0.20298
Smarcd3	4	0.6333	0.66866	0.999729	646	1	-0.24252	0.73987	0.74061	0.999995	759	1	-0.24252
Zbtb45	4	0.63609	0.67054	0.999729	647	1	0.023824	0.56253	0.60595	0.999995	638	1	0.023824
Mdc1	4	0.63655	0.67082	0.999729	648	1	-0.0086934	0.047093	0.11115	0.93365	119	1	-0.0086934
Dtx3l	4	0.63747	0.67158	0.999729	649	1	-0.50461	0.54087	0.59191	0.999995	624	1	-0.50461
Hp1bp3	4	0.63794	0.67189	0.999729	650	1	-0.062135	0.44988	0.53972	0.999722	573	1	-0.062135
Atxn3	4	0.64299	0.67511	0.999729	651	1	-0.1947	0.85482	0.8558	0.999995	874	0	-0.1947
Coprs	4	0.64344	0.67547	0.999729	652	1	0.061518	0.21739	0.33743	0.973961	357	1	0.061518
Six3	4	0.6439	0.67588	0.999729	653	1	0.84164	0.04423	0.10525	0.93365	113	2	0.84164
Phf14	4	0.64572	0.67709	0.999729	654	1	0.14034	0.409	0.51891	0.991367	546	1	0.14034
Psip1	4	0.64617	0.67738	0.999729	655	1	-0.35654	0.24499	0.36817	0.975854	391	1	-0.35654
Nrip1	4	0.64753	0.67809	0.999729	656	1	0.49333	0.56888	0.61026	0.999995	645	1	0.49333
Lrrfip2	4	0.64798	0.67833	0.999729	657	1	-0.044122	0.71835	0.72171	0.999995	747	1	-0.044122
Fbrs	4	0.64979	0.67954	0.999729	658	1	0.26835	0.31996	0.45371	0.9775	485	2	0.26835
Daxx	4	0.65024	0.67986	0.999729	659	1	-0.13526	0.7337	0.73523	0.999995	754	1	-0.13526
Zfp146	4	0.65293	0.68164	0.999729	660	1	0.095349	0.80936	0.81054	0.999995	820	0	0.095349
Kdm4d	4	0.65382	0.6823	0.999729	661	1	0.2663	0.40834	0.51859	0.991367	545	1	0.2663
Sirt6	4	0.6556	0.68347	0.999729	662	1	0.4344	0.35297	0.49035	0.978682	520	2	0.4344
Babam1	4	0.65693	0.6843	0.999729	663	1	0.15029	0.66788	0.67984	0.999995	707	1	0.15029
MouseNegCon_0055	1	0.65806	0.66107	0.999729	664	0	0.45081	0.34194	0.3426	0.974114	507	0	0.45081
Smg6	4	0.65914	0.68585	0.999729	665	1	-0.014544	0.83505	0.83589	0.999995	851	0	-0.014544
MouseNegCon_0058	1	0.66053	0.66318	0.999729	666	0	0.40765	0.33947	0.34004	0.973961	504	0	0.40765
Kdm1b	4	0.66178	0.68765	0.999729	667	1	0.31617	0.81639	0.81801	0.999995	828	0	0.31617
Zfp446	4	0.66222	0.68783	0.999729	668	1	1.1708	0.0083083	0.02799	0.740522	40	3	1.1708
Nsd1	4	0.66309	0.68832	0.999729	669	1	0.40211	0.28528	0.41379	0.975854	444	2	0.40211
Wdr11	4	0.66353	0.68856	0.999729	670	1	0.0013879	0.51784	0.57822	0.999995	610	1	0.0013879
Zfp503	4	0.6644	0.68917	0.999729	671	1	0.097441	0.82617	0.82733	0.999995	837	0	0.097441
Zfp219	4	0.66484	0.68952	0.999729	672	1	-0.021325	0.11211	0.21818	0.965384	223	1	-0.021325
Hdac3	4	0.66527	0.68984	0.999729	673	1	-0.39355	0.94913	0.94879	0.999995	977	0	-0.39355
Eya3	4	0.66571	0.69013	0.999729	674	1	0.28487	0.61091	0.63752	0.999995	673	1	0.28487
EGFP	21	0.66615	0.9044	0.999729	675	6	0.56132	0.0069096	0.043567	0.805302	36	12	0.56132
Rmi1	4	0.66744	0.69126	0.999729	676	1	-0.38441	0.60157	0.6314	0.999995	666	1	-0.38441
Phf12	4	0.66831	0.69203	0.999729	677	1	0.58231	0.064326	0.14486	0.93365	154	2	0.58231
MouseNegCon_0051	1	0.66893	0.67156	0.999729	678	0	0.47543	0.33107	0.33139	0.973961	495	0	0.47543
Zscan20	4	0.67003	0.69311	0.999729	679	1	-0.14072	0.38189	0.50554	0.981937	538	1	-0.14072
Zfp260	4	0.67046	0.69339	0.999729	680	1	0.079895	0.24515	0.36833	0.975854	393	2	0.079895
Zfp738	4	0.67175	0.69423	0.999729	681	1	0.21002	0.26673	0.39294	0.975854	418	2	0.21002
Nap1l5	4	0.67432	0.69612	0.999729	682	1	0.33593	0.20664	0.32544	0.973961	341	2	0.33593
Ing3	4	0.67602	0.69734	0.999729	683	1	0.17521	0.32471	0.45931	0.978682	490	2	0.17521
Suv39h2	4	0.67687	0.69794	0.999729	684	1	-0.25201	0.81722	0.81897	0.999995	829	0	-0.25201
Zfp3	4	0.67771	0.69836	0.999729	685	1	0.031476	0.4365	0.53271	0.999722	562	1	0.031476
Klf12	4	0.67898	0.69931	0.999729	686	1	-0.15578	0.42025	0.52453	0.993744	551	1	-0.15578
Gatad2b	4	0.6794	0.69952	0.999729	687	1	-0.025699	0.1763	0.29157	0.973961	306	1	-0.025699
Mettl21a	4	0.68024	0.70017	0.999729	688	1	-0.23016	0.90647	0.90647	0.999995	929	0	-0.23016
Sirt3	4	0.68108	0.70076	0.999729	689	1	0.64921	0.13893	0.24891	0.973961	258	2	0.64921
MouseNegCon_0079	1	0.68178	0.68343	0.999729	690	0	0.49279	0.31822	0.31856	0.973961	483	0	0.49279
Baz2a	4	0.68318	0.70217	0.999729	691	1	0.86159	0.076189	0.16848	0.93365	180	3	0.86159
MouseNegCon_0099	1	0.68426	0.68597	0.999729	692	0	0.48537	0.31574	0.31607	0.973961	479	0	0.48537
Edc3	4	0.68567	0.70389	0.999729	693	1	0.39623	0.01034	0.032784	0.787735	45	1	0.39623
Brd7	4	0.68774	0.7055	0.999729	694	1	0.33732	0.2501	0.37373	0.975854	400	2	0.33732
Trmt11	4	0.68939	0.7066	0.999729	695	1	-0.026718	0.83169	0.83273	0.999995	844	0	-0.026718
Mgmt	4	0.6898	0.70685	0.999729	696	1	0.12346	0.095716	0.19904	0.954917	209	1	0.12346
Kat2a	4	0.69021	0.70723	0.999729	697	1	0.13339	0.70115	0.70719	0.999995	730	1	0.13339
Nap1l4	4	0.69103	0.70787	0.999729	698	1	-0.38805	0.14773	0.25941	0.973961	268	1	-0.38805
MouseNegCon_0080	1	0.69192	0.69344	0.999729	699	0	0.48849	0.30808	0.30853	0.973961	469	0	0.48849
Zfp740	4	0.69552	0.71142	0.999729	700	1	-0.29627	0.94236	0.94204	0.999995	968	0	-0.29627
Smarca2	4	0.69633	0.71199	0.999729	701	1	0.236	0.21877	0.33899	0.973961	359	2	0.236
Zbtb22	4	0.69673	0.7124	0.999729	702	1	0.62984	0.085335	0.18635	0.93365	198	3	0.62984
Zbtb25	4	0.69875	0.71395	0.999729	703	1	0.17891	0.21904	0.33915	0.973961	360	1	0.17891
Kmt5c	4	0.69915	0.7143	0.999729	704	1	0.71477	0.065357	0.147	0.93365	157	3	0.71477
Acin1	4	0.69955	0.71469	0.999729	705	1	-0.25834	0.8033	0.80441	0.999995	810	0	-0.25834
MouseNegCon_0024	1	0.69983	0.70101	0.999729	706	0	0.57627	0.30017	0.30095	0.973961	458	1	0.57627
Bmi1	4	0.70155	0.71616	0.999729	707	1	0.37033	0.1136	0.21972	0.965384	225	2	0.37033
Zfp11	4	0.70314	0.71737	0.999729	708	1	-0.021478	0.63096	0.65222	0.999995	688	1	-0.021478
Trmt10b	4	0.70394	0.71804	0.999729	709	1	-0.32549	0.93035	0.92981	0.999995	957	0	-0.32549
Brpf3	4	0.70473	0.71852	0.999729	710	1	-0.18774	0.69713	0.70366	0.999995	726	1	-0.18774
Phf21b	4	0.70592	0.71934	0.999729	711	1	0.14682	0.27598	0.40302	0.975854	433	2	0.14682
MouseNegCon_0010	1	0.70675	0.70764	0.999729	712	0	0.57078	0.29325	0.29402	0.973961	452	1	0.57078
Tssk6	4	0.70828	0.72115	0.999729	713	1	0.085071	0.26967	0.3961	0.975854	423	2	0.085071
Znfx1	4	0.70867	0.72144	0.999729	714	1	0.80677	0.0054508	0.018861	0.679815	26	2	0.80677
Zfp422	4	0.71024	0.72254	0.999729	715	1	-0.20438	0.26638	0.39253	0.975854	417	1	-0.20438
Smyd5	4	0.71063	0.72285	0.999729	716	1	-0.039548	0.39217	0.51046	0.989698	539	1	-0.039548
Sox3	4	0.71141	0.72344	0.999729	717	1	-0.038575	0.21327	0.3328	0.973961	350	1	-0.038575
Prdm14	4	0.71179	0.72372	0.999729	718	1	0.49567	0.12621	0.23459	0.965384	245	2	0.49567
Ring1	4	0.71218	0.72403	0.999729	719	1	-0.32066	0.18989	0.30701	0.973961	325	1	-0.32066
L3mbtl4	4	0.71566	0.7267	0.999729	720	1	0.80308	0.07182	0.15968	0.93365	168	2	0.80308
Sirt5	4	0.71797	0.72847	0.999729	721	1	0.83579	0.041605	0.099979	0.93365	109	3	0.83579
Foxk2	4	0.72328	0.73285	0.999729	722	1	0.29569	0.29421	0.42427	0.975854	453	2	0.29569
Zfp618	4	0.72366	0.73308	0.999729	723	1	0.26374	0.77599	0.777	0.999995	792	0	0.26374
MouseNegCon_0030	1	0.72578	0.7273	0.999729	724	0	0.61654	0.27422	0.27526	0.973961	429	1	0.61654
Zfp67	4	0.72666	0.7355	0.999729	725	1	0.94668	0.060614	0.13788	0.93365	145	3	0.94668
Trove2	4	0.72741	0.73605	0.999729	726	1	-0.25268	0.95671	0.95658	0.999995	986	0	-0.25268
Hmgn4	4	0.72927	0.73745	0.999729	727	1	-0.13164	0.23614	0.35834	0.975854	379	1	-0.13164
Ninl	4	0.73038	0.73825	0.999729	728	1	0.25137	0.31737	0.45081	0.975854	482	2	0.25137
Zfp826	4	0.73149	0.73915	0.999729	729	1	0.15518	0.69021	0.69749	0.999995	723	1	0.15518
Ankrd26	4	0.73186	0.73947	0.999729	730	1	-0.058915	0.91424	0.91398	0.999995	937	0	-0.058915
Smyd4	4	0.73223	0.73976	0.999729	731	1	0.34922	0.30328	0.43472	0.975854	461	1	0.34922
Bend3	4	0.73259	0.73999	0.999729	732	1	0.11253	0.21518	0.33491	0.973961	353	2	0.11253
Btbd10	4	0.73296	0.7402	0.999729	733	1	0.51979	0.13981	0.25014	0.973961	260	2	0.51979
Zbtb34	4	0.73333	0.74048	0.999729	734	1	-0.50572	0.1634	0.27668	0.973961	286	1	-0.50572
Kdm3a	4	0.73443	0.74136	0.999729	735	1	0.28381	0.21438	0.33397	0.973961	352	2	0.28381
Dpf3	4	0.73479	0.74173	0.999729	736	1	-0.18	0.44226	0.53567	0.999722	566	1	-0.18
Rilpl1	4	0.73589	0.74251	0.999729	737	1	0.3434	0.33003	0.46505	0.978682	493	1	0.3434
Tal1	4	0.73807	0.74429	0.999729	738	1	-0.12839	0.31228	0.44483	0.975854	474	1	-0.12839
Lyl1	4	0.73843	0.74457	0.999729	739	1	0.44783	0.15559	0.26762	0.973961	278	2	0.44783
Carm1	4	0.73879	0.74485	0.999729	740	1	-0.41964	0.92078	0.9204	0.999995	945	0	-0.41964
Eid2	4	0.73915	0.74513	0.999729	741	1	-0.39559	0.74523	0.74597	0.999995	766	1	-0.39559
Brdt	4	0.74131	0.74695	0.999729	742	1	0.49941	0.25548	0.37987	0.975854	406	2	0.49941
Atad2b	4	0.74167	0.74734	0.999729	743	1	0.82996	0.04371	0.10411	0.93365	112	2	0.82996
Zfp703	4	0.74203	0.74769	0.999729	744	1	0.96754	0.017844	0.049601	0.805302	63	3	0.96754
Gse1	4	0.74345	0.7488	0.999729	745	1	-0.072702	0.60896	0.63626	0.999995	670	1	-0.072702
Tyw3	4	0.74381	0.7491	0.999729	746	1	0.28956	0.30533	0.43705	0.975854	464	2	0.28956
Ascc3	4	0.74417	0.74937	0.999729	747	1	0.72878	0.058625	0.13429	0.93365	142	3	0.72878
Prdm6	4	0.74452	0.74967	0.999729	748	1	0.56593	0.15821	0.27052	0.973961	282	2	0.56593
Zbtb37	4	0.74523	0.75039	0.999729	749	1	0.16702	0.83091	0.83204	0.999995	843	0	0.16702
Mysm1	4	0.74559	0.75067	0.999729	750	1	0.044329	0.48139	0.5566	0.999995	590	1	0.044329
Srebf1	4	0.74629	0.75128	0.999729	751	1	-0.14244	0.89621	0.89653	0.999995	920	0	-0.14244
Zfp800	4	0.75086	0.75511	0.999729	752	1	0.26666	0.16481	0.27843	0.973961	288	2	0.26666
Piwil4	4	0.75121	0.7554	0.999729	753	1	-0.1355	0.66178	0.67535	0.999995	703	1	-0.1355
Mum1	4	0.75155	0.75566	0.999729	754	1	0.12604	0.19746	0.31542	0.973961	332	1	0.12604
Oard1	4	0.7526	0.75648	0.999729	755	1	0.25755	0.25922	0.38428	0.975854	409	2	0.25755
Zfp831	4	0.75294	0.75674	0.999729	756	1	-0.12488	0.87296	0.87396	0.999995	897	0	-0.12488
MouseNegCon_0082	1	0.75321	0.75482	0.999729	757	0	0.68395	0.24679	0.24737	0.973961	396	1	0.68395
MouseNegCon_0075	1	0.75395	0.75555	0.999729	758	0	0.69933	0.24605	0.2466	0.973961	394	1	0.69933
Zfp212	4	0.75432	0.75788	0.999729	759	1	0.75147	0.047644	0.11219	0.93365	120	3	0.75147
MouseNegCon_0064	1	0.75494	0.75651	0.999729	760	0	0.69743	0.24506	0.24573	0.973961	392	1	0.69743
Kdm3b	4	0.7557	0.75907	0.999729	761	1	0.26561	0.1832	0.29943	0.973961	317	2	0.26561
Ddb2	4	0.76048	0.76389	0.999729	762	1	-0.21676	0.85388	0.85494	0.999995	871	0	-0.21676
Mypop	4	0.7625	0.76568	0.999729	763	1	0.84835	0.022059	0.058547	0.8112	74	3	0.84835
Hcfc2	4	0.76284	0.766	0.999729	764	1	1.2277	0.0058845	0.020303	0.683942	31	3	1.2277
MouseNegCon_0012	1	0.76384	0.76547	0.999729	765	0	0.70875	0.23616	0.23655	0.965384	380	1	0.70875
MouseNegCon_0081	1	0.76532	0.76693	0.999729	766	0	0.68334	0.23468	0.23502	0.965384	378	1	0.68334
Rai1	4	0.76585	0.76857	0.999729	767	1	0.81894	0.014315	0.041666	0.805302	54	2	0.81894
Klf17	4	0.76717	0.76991	0.999729	768	1	-0.012755	0.22722	0.34787	0.975854	369	1	-0.012755
Setbp1	4	0.76949	0.77185	0.999729	769	1	0.54281	0.3473	0.48466	0.978682	513	2	0.54281
MouseNegCon_0043	1	0.76977	0.77134	0.999729	770	0	0.75251	0.23023	0.2307	0.965384	373	1	0.75251
Bloc1s1	4	0.7708	0.77302	0.999729	771	1	-0.44104	0.90342	0.90366	0.999995	928	0	-0.44104
Zbtb24	4	0.77113	0.77322	0.999729	772	1	0.5227	0.71141	0.71564	0.999995	737	1	0.5227
Eid1	4	0.77178	0.77378	0.999729	773	1	0.85263	0.074258	0.16418	0.93365	174	3	0.85263
MouseNegCon_0007	1	0.77249	0.77409	0.999729	774	0	0.73931	0.22751	0.2279	0.965384	370	1	0.73931
Pld6	4	0.77438	0.77631	0.999729	775	1	0.35124	0.74023	0.74101	0.999995	760	1	0.35124
Tdrd9	4	0.7747	0.77669	0.999729	776	1	0.28918	0.45303	0.54157	0.999722	574	1	0.28918
Chtop	4	0.77664	0.77839	0.999729	777	1	0.23613	0.11482	0.22115	0.965384	229	2	0.23613
Phrf1	4	0.77824	0.77971	0.999729	778	1	0.53847	0.17788	0.29322	0.973961	307	2	0.53847
Mettl13	4	0.77856	0.78007	0.999729	779	1	0.11808	0.76684	0.76768	0.999995	784	0	0.11808
MouseNegCon_0032	1	0.77991	0.78159	0.999729	780	0	0.77188	0.22009	0.22039	0.965384	362	1	0.77188
Zkscan17	4	0.7811	0.78242	0.999729	781	1	0.26725	0.28485	0.4133	0.975854	442	2	0.26725
MouseNegCon_0089	1	0.78361	0.7854	0.999729	782	0	0.77505	0.21639	0.21658	0.965384	354	1	0.77505
Gfi1	4	0.78612	0.78714	0.999729	783	1	0.59996	0.26047	0.38576	0.975854	411	2	0.59996
Tyw5	4	0.78705	0.78822	0.999729	784	1	0.5781	0.24659	0.3699	0.975854	395	2	0.5781
Setmar	4	0.78767	0.78877	0.999729	785	1	-0.19996	0.51036	0.57376	0.999995	607	1	-0.19996
Zfp406	4	0.7889	0.78991	0.999729	786	1	-0.35555	0.93607	0.93591	0.999995	962	0	-0.35555
Piwil2	4	0.79166	0.79285	0.999729	787	1	0.58691	0.075378	0.16677	0.93365	175	2	0.58691
Pogz	4	0.79196	0.79318	0.999729	788	1	0.67819	0.15349	0.26533	0.973961	276	2	0.67819
Parp1	4	0.79227	0.79342	0.999729	789	1	0.17346	0.76784	0.76871	0.999995	786	0	0.17346
Smc1b	4	0.79257	0.79375	0.999729	790	1	0.27118	0.095899	0.19931	0.954917	210	2	0.27118
Brd2	4	0.79318	0.79444	0.999729	791	1	0.16399	0.14157	0.25208	0.973961	262	2	0.16399
Kat2b	4	0.79469	0.7959	0.999729	792	1	0.84289	0.054946	0.12694	0.93365	133	2	0.84289
MouseNegCon_0066	1	0.79572	0.79744	0.999729	793	0	0.87904	0.20428	0.20466	0.965384	340	1	0.87904
Zfp507	4	0.7965	0.79779	0.999729	794	1	0.040347	0.12827	0.23696	0.965384	248	1	0.040347
Matr3	4	0.79799	0.79939	0.999729	795	1	0.22301	0.25423	0.37824	0.975854	404	2	0.22301
Ehmt1	4	0.79918	0.80039	0.999729	796	1	0.78596	0.0055368	0.019063	0.679815	28	2	0.78596
Zbtb43	4	0.80007	0.80119	0.999729	797	0	0.40173	0.33903	0.47533	0.978682	502	2	0.40173
Jmjd6	4	0.80066	0.80176	0.999729	798	0	-0.065021	0.68443	0.69274	0.999995	714	1	-0.065021
Brwd1	4	0.80125	0.80233	0.999729	799	0	0.78718	0.085125	0.18584	0.93365	197	2	0.78718
MouseNegCon_0072	1	0.80339	0.80507	0.999729	800	0	0.78472	0.19661	0.19663	0.950517	331	1	0.78472
Jade1	4	0.80417	0.80536	0.999729	801	0	0.32935	0.15675	0.26902	0.973961	280	2	0.32935
Fbl	4	0.80446	0.80561	0.999729	802	0	0.038849	0.51727	0.57781	0.999995	609	1	0.038849
Smyd1	4	0.80475	0.80582	0.999729	803	0	-0.019896	0.8175	0.81922	0.999995	830	0	-0.019896
Hint1	4	0.80678	0.80786	0.999729	804	0	0.49709	0.020823	0.055911	0.805302	71	2	0.49709
Trmt1	4	0.80707	0.80808	0.999729	805	0	1.0044	0.033517	0.083098	0.895792	97	3	1.0044
Mta3	4	0.80793	0.80905	0.999729	806	0	0.49185	0.28697	0.41569	0.975854	447	2	0.49185
Gadd45a	4	0.8085	0.8097	0.999729	807	0	0.11058	0.29874	0.42944	0.975854	456	1	0.11058
Brd3	4	0.80907	0.81031	0.999729	808	0	-0.16835	0.91471	0.91445	0.999995	938	0	-0.16835
Foxc1	4	0.80936	0.81054	0.999729	809	0	0.79625	0.061859	0.14023	0.93365	148	3	0.79625
Brwd3	4	0.81021	0.81146	0.999729	810	0	0.3884	0.67644	0.68674	0.999995	711	1	0.3884
Phf10	4	0.8105	0.81179	0.999729	811	0	0.36883	0.22037	0.34062	0.973961	363	2	0.36883
Klf14	4	0.81163	0.81296	0.999729	812	0	0.87469	0.050133	0.11707	0.93365	121	2	0.87469
Prdm9	4	0.81248	0.8139	0.999729	813	0	0.11517	0.31564	0.44881	0.975854	478	2	0.11517
Foxe1	4	0.81304	0.8145	0.999729	814	0	0.42321	0.19495	0.31254	0.973961	329	2	0.42321
Hr	4	0.81332	0.81482	0.999729	815	0	0.054463	0.017189	0.048361	0.805302	61	1	0.054463
Chd1l	4	0.81388	0.81547	0.999729	816	0	-0.23069	0.933	0.93251	0.999995	959	0	-0.23069
Tcf7l2	4	0.81416	0.81575	0.999729	817	0	0.43024	0.19241	0.30964	0.973961	327	2	0.43024
Srcap	4	0.81444	0.81603	0.999729	818	0	-0.021316	0.74911	0.74972	0.999995	770	1	-0.021316
Csnk1d	4	0.815	0.81663	0.999729	819	0	0.10469	0.59659	0.6282	0.999995	661	1	0.10469
Mbd1	4	0.81611	0.81773	0.999729	820	0	0.34501	0.23248	0.3539	0.975854	375	2	0.34501
Cbx2	4	0.81639	0.81801	0.999729	821	0	0.41294	0.41033	0.5196	0.991367	547	1	0.41294
Zfp444	4	0.81722	0.81897	0.999729	822	0	0.39768	0.34991	0.48738	0.978682	517	2	0.39768
MouseNegCon_0063	1	0.81797	0.81909	0.999729	823	0	0.89949	0.18203	0.18201	0.93365	314	1	0.89949
Smarca1	4	0.81887	0.82041	0.999729	824	0	0.13711	0.060372	0.13742	0.93365	144	2	0.13711
Yaf2	4	0.81915	0.82068	0.999729	825	0	0.036754	0.49692	0.56565	0.999995	602	1	0.036754
Rara	4	0.81942	0.82091	0.999729	826	0	0.22678	0.070708	0.15754	0.93365	166	1	0.22678
Klf13	4	0.82024	0.82175	0.999729	827	0	0.14047	0.68774	0.6956	0.999995	719	1	0.14047
Kdm5b	4	0.82106	0.82258	0.999729	828	0	0.29122	0.18664	0.30355	0.973961	321	2	0.29122
Hdac8	4	0.82133	0.82282	0.999729	829	0	0.51002	0.17412	0.28922	0.973961	303	2	0.51002
Ydjc	4	0.82242	0.82393	0.999729	830	0	0.11491	0.4429	0.53596	0.999722	567	1	0.11491
Pink1	4	0.82296	0.8244	0.999729	831	0	-0.080542	0.87794	0.87869	0.999995	903	0	-0.080542
Mettl4	4	0.82323	0.82466	0.999729	832	0	-0.0021293	0.82537	0.82656	0.999995	835	0	-0.0021293
Recql	4	0.8243	0.82564	0.999729	833	0	0.49442	0.34599	0.48316	0.978682	511	2	0.49442
MouseNegCon_0014	1	0.82464	0.82542	0.999729	834	0	0.91677	0.17536	0.17576	0.93365	304	1	0.91677
Atxn7l2	4	0.82484	0.82612	0.999729	835	0	0.81631	0.05772	0.13235	0.93365	139	3	0.81631
Fto	4	0.82537	0.82656	0.999729	836	0	0.50669	0.239	0.3616	0.975854	385	2	0.50669
Kmt2d	4	0.8259	0.82708	0.999729	837	0	0.73969	0.0095	0.030846	0.773313	44	2	0.73969
Pkn1	4	0.82644	0.82762	0.999729	838	0	0.44501	0.24269	0.36574	0.975854	387	2	0.44501
Sap30l	4	0.8275	0.82876	0.999729	839	0	0.55722	0.15241	0.26441	0.973961	274	2	0.55722
MouseNegCon_0071	1	0.82909	0.82961	0.999729	840	0	0.93988	0.17091	0.17109	0.93365	299	1	0.93988
MouseNegCon_0028	1	0.82934	0.82993	0.999729	841	0	0.89619	0.17066	0.17085	0.93365	298	1	0.89619
Zfp40	4	0.82961	0.83072	0.999729	842	0	0.17915	0.35528	0.49265	0.978682	524	1	0.17915
Macrod1	4	0.82987	0.83098	0.999729	843	0	0.20567	0.69794	0.70427	0.999995	727	1	0.20567
Zfp609	4	0.83013	0.83128	0.999729	844	0	0.29643	0.44544	0.53729	0.999722	569	1	0.29643
Zfp87	4	0.83117	0.8322	0.999729	845	0	-0.063139	0.61431	0.63985	0.999995	675	1	-0.063139
Arid5b	4	0.83221	0.8332	0.999729	846	0	0.70706	0.064392	0.14499	0.93365	155	3	0.70706
Mef2d	4	0.83505	0.83589	0.999729	847	0	0.50075	0.0044414	0.015426	0.665149	23	2	0.50075
Tnp2	4	0.8353	0.83608	0.999729	848	0	0.25458	0.86345	0.86418	0.999995	885	0	0.25458
Foxd2	4	0.83581	0.83652	0.999729	849	0	0.26822	0.17886	0.29441	0.973961	309	2	0.26822
Tdrd12	4	0.83784	0.83867	0.999729	850	0	0.39043	0.16814	0.28244	0.973961	293	2	0.39043
Eya4	4	0.83809	0.83885	0.999729	851	0	0.71698	0.06723	0.1507	0.93365	160	2	0.71698
luciferase	24	0.83903	0.97055	0.999729	852	2	0.31348	0.11505	0.37373	0.975854	230	10	0.31348
Zbtb4	4	0.8391	0.84004	0.999729	853	0	1.5894	0.001633	0.0062501	0.616646	9	3	1.5894
Hdac5	4	0.83935	0.84021	0.999729	854	0	0.42104	0.27261	0.39922	0.975854	426	2	0.42104
Tlk1	4	0.84259	0.84358	0.999729	855	0	-0.22149	0.45491	0.54244	0.999722	576	1	-0.22149
Mettl1	4	0.84284	0.84386	0.999729	856	0	0.0084748	0.87773	0.87853	0.999995	901	0	0.0084748
Zbtb6	4	0.84357	0.8446	0.999729	857	0	-0.07716	0.82323	0.82466	0.999995	832	0	-0.07716
MouseNegCon_0054	1	0.84392	0.84453	0.999729	858	0	0.99094	0.15608	0.15589	0.93365	279	1	0.99094
Eid2b	4	0.8448	0.84578	0.999729	859	0	-0.37951	0.42549	0.52715	0.99635	553	1	-0.37951
Sirt7	4	0.84626	0.84715	0.999729	860	0	0.29508	0.038483	0.093678	0.93365	103	1	0.29508
Setd3	4	0.8465	0.84749	0.999729	861	0	0.43211	0.37009	0.49988	0.978682	531	1	0.43211
Zfp114	4	0.84771	0.84865	0.999729	862	0	0.18187	0.74345	0.74416	0.999995	764	1	0.18187
Zfp825	4	0.84795	0.84896	0.999729	863	0	0.28947	0.12824	0.23694	0.965384	247	2	0.28947
Zfp810	4	0.8482	0.84916	0.999729	864	0	0.89436	0.0067139	0.022819	0.699807	33	2	0.89436
Prdm13	4	0.84844	0.8494	0.999729	865	0	0.44246	0.20332	0.32187	0.973961	339	2	0.44246
Mettl8	4	0.84868	0.84965	0.999729	866	0	0.11308	0.25376	0.37764	0.975854	403	1	0.11308
Sirt1	4	0.84963	0.85048	0.999729	867	0	0.49747	0.21797	0.33809	0.973961	358	2	0.49747
Zfp607	4	0.85011	0.851	0.999729	868	0	0.50052	0.31694	0.45036	0.975854	481	2	0.50052
Zfp319	4	0.85059	0.85159	0.999729	869	0	0.85487	0.043274	0.10318	0.93365	110	2	0.85487
Arid4a	4	0.85106	0.85204	0.999729	870	0	-0.0055423	0.46612	0.5483	0.999995	582	1	-0.0055423
Blm	4	0.85177	0.85265	0.999729	871	0	0.50615	0.091124	0.1938	0.941062	208	2	0.50615
Zfp51	4	0.85318	0.85411	0.999729	872	0	0.57359	0.05324	0.12331	0.93365	126	2	0.57359
Men1	4	0.85342	0.85447	0.999729	873	0	-0.15237	0.82403	0.82538	0.999995	833	0	-0.15237
Phc1	4	0.8569	0.85772	0.999729	874	0	0.45096	0.28613	0.41462	0.975854	446	2	0.45096
Dpf1	4	0.85782	0.85854	0.999729	875	0	0.50597	0.34294	0.47968	0.978682	508	2	0.50597
Mta2	4	0.85873	0.85947	0.999729	876	0	0.5601	0.12587	0.23426	0.965384	244	2	0.5601
Phox2	4	0.85964	0.8604	0.999729	877	0	0.60552	0.12738	0.23597	0.965384	246	2	0.60552
Zfp187	4	0.85986	0.86058	0.999729	878	0	-0.32681	0.96692	0.96683	0.999995	997	0	-0.32681
Zkscan14	4	0.86077	0.86144	0.999729	879	0	0.090759	0.62008	0.64404	0.999995	680	1	0.090759
MouseNegCon_0036	1	0.86097	0.86174	0.999729	880	0	1.0682	0.13903	0.13989	0.93365	259	1	1.0682
Cdyl2	4	0.86144	0.86209	0.999729	881	0	0.61538	0.14685	0.25828	0.973961	266	2	0.61538
Zbp1	4	0.86234	0.86319	0.999729	882	0	0.20474	0.85986	0.86058	0.999995	882	0	0.20474
Rnf6	4	0.86301	0.86375	0.999729	883	0	0.069468	0.64798	0.66482	0.999995	699	1	0.069468
MouseNegCon_0029	1	0.8632	0.86403	0.999729	884	0	1.0738	0.1368	0.13764	0.93365	255	1	1.0738
Prdm8	4	0.86367	0.86436	0.999729	885	0	-0.119	0.36307	0.49644	0.978682	527	1	-0.119
Phf21a	4	0.8639	0.86463	0.999729	886	0	0.13317	0.18227	0.29854	0.973961	315	1	0.13317
Dnmt3b	4	0.86412	0.86485	0.999729	887	0	0.27215	0.35166	0.48909	0.978682	519	2	0.27215
Ppm1g	4	0.86434	0.86507	0.999729	888	0	0.121	0.15298	0.26487	0.973961	275	1	0.121
Brd1	4	0.86456	0.86529	0.999729	889	0	0.65088	0.080504	0.17649	0.93365	185	3	0.65088
Arid3a	4	0.865	0.86576	0.999729	890	0	0.62454	0.075483	0.16708	0.93365	176	3	0.62454
Atf2	4	0.86566	0.86635	0.999729	891	0	1.3631	0.0049309	0.016978	0.677851	25	3	1.3631
MouseNegCon_0045	1	0.86765	0.86841	0.999729	892	0	1.1427	0.13235	0.13336	0.93365	251	1	1.1427
Foxn1	4	0.86892	0.86978	0.999729	893	0	0.16608	0.71296	0.71689	0.999995	738	1	0.16608
Mettl11b	4	0.86914	0.86996	0.999729	894	0	-0.14571	0.16513	0.27891	0.973961	289	1	-0.14571
MouseNegCon_0050	1	0.86938	0.8699	0.999729	895	0	1.0816	0.13062	0.13153	0.93365	250	1	1.0816
Phc3	4	0.86957	0.87035	0.999729	896	0	0.078501	0.562	0.60562	0.999995	637	1	0.078501
Kdm4a	4	0.86978	0.87057	0.999729	897	0	-0.025603	0.85106	0.85204	0.999995	867	0	-0.025603
Pcgf1	4	0.87063	0.87149	0.999729	898	0	0.7745	0.081236	0.178	0.93365	187	3	0.7745
Elp2	4	0.87149	0.87247	0.999729	899	0	-0.025265	0.7519	0.75234	0.999995	772	1	-0.025265
Mbd5	4	0.87191	0.87287	0.999729	900	0	-0.050263	0.3812	0.50511	0.981937	537	1	-0.050263
Zmym3	4	0.87233	0.87339	0.999729	901	0	-0.094244	0.31079	0.44315	0.975854	472	1	-0.094244
Zmym2	4	0.87317	0.87409	0.999729	902	0	0.12028	0.60454	0.6333	0.999995	668	1	0.12028
Zfp367	4	0.87338	0.87424	0.999729	903	0	0.11616	0.7431	0.74377	0.999995	763	1	0.11616
Zfp317	4	0.87359	0.87442	0.999729	904	0	0.12997	0.82908	0.83023	0.999995	842	0	0.12997
Chd5	4	0.8738	0.87461	0.999729	905	0	0.9811	0.0167	0.047278	0.805302	59	3	0.9811
Atoh7	4	0.87526	0.8762	0.999729	906	0	0.8452	0.056674	0.1304	0.93365	135	2	0.8452
MouseNegCon_0039	1	0.87531	0.87583	0.999729	907	0	1.1241	0.12469	0.1257	0.93365	243	1	1.1241
Gatad1	4	0.87547	0.87638	0.999729	908	0	0.17524	0.64617	0.66373	0.999995	696	1	0.17524
Pcgf3	4	0.8765	0.87756	0.999729	909	0	0.83901	0.085524	0.18671	0.93365	199	3	0.83901
Zfp692	4	0.87671	0.87768	0.999729	910	0	0.39967	0.43004	0.52947	0.997845	559	1	0.39967
Hmgn3	4	0.87773	0.87853	0.999729	911	0	0.28862	0.5636	0.60669	0.999995	639	1	0.28862
Larp6	4	0.87814	0.87894	0.999729	912	0	0.52051	0.20057	0.31879	0.973961	335	2	0.52051
Trmt61b	4	0.87855	0.87942	0.999729	913	0	0.46857	0.084665	0.18499	0.93365	195	2	0.46857
Foxo3	4	0.88017	0.88104	0.999729	914	0	0.41333	0.60993	0.63689	0.999995	672	1	0.41333
Kdm5c	4	0.88077	0.88173	0.999729	915	0	-0.1166	0.52524	0.58275	0.999995	617	1	-0.1166
MouseNegCon_0090	1	0.88099	0.88164	0.999729	916	0	1.1891	0.11901	0.11985	0.93365	235	1	1.1891
Setd7	4	0.88277	0.88356	0.999729	917	0	0.52212	0.12084	0.22849	0.965384	240	2	0.52212
Dppa3	4	0.88316	0.88398	0.999729	918	0	0.33702	0.12022	0.22769	0.965384	239	2	0.33702
Zfp512	4	0.88454	0.88519	0.999729	919	0	0.013596	0.63886	0.65826	0.999995	692	1	0.013596
Msh6	4	0.88512	0.88592	0.999729	920	0	0.18309	0.88745	0.88815	0.999995	913	0	0.18309
Ncor2	4	0.88532	0.88608	0.999729	921	0	-0.13579	0.4874	0.55987	0.999995	594	1	-0.13579
Klhl31	4	0.88551	0.88626	0.999729	922	0	0.26403	0.84407	0.84504	0.999995	862	0	0.26403
MouseNegCon_0033	1	0.88618	0.88693	0.999729	923	0	1.1962	0.11382	0.11459	0.93365	226	1	1.1962
Arid2	4	0.88648	0.88715	0.999729	924	0	0.69347	0.03893	0.094606	0.93365	104	2	0.69347
Prdm11	4	0.88668	0.88732	0.999729	925	0	0.34582	0.23411	0.35611	0.975854	376	2	0.34582
Eya2	4	0.88687	0.88752	0.999729	926	0	0.73062	0.082813	0.18111	0.93365	190	2	0.73062
Calcoco1	4	0.88802	0.88885	0.999729	927	0	1.1508	0.01102	0.034557	0.787735	46	3	1.1508
Phf20l1	4	0.88821	0.889	0.999729	928	0	0.82009	0.024002	0.062993	0.838345	78	2	0.82009
Prdm2	4	0.8886	0.88933	0.999729	929	0	0.0049562	0.22559	0.34599	0.975854	367	1	0.0049562
Sfmbt1	4	0.88917	0.8899	0.999729	930	0	0.36925	0.17978	0.29559	0.973961	311	2	0.36925
Mettl24	4	0.88936	0.89008	0.999729	931	0	0.21923	0.22803	0.34886	0.975854	371	1	0.21923
Ncoa2	4	0.88955	0.89031	0.999729	932	0	0.91858	0.041359	0.099409	0.93365	108	3	0.91858
Zfp318	4	0.89011	0.89085	0.999729	933	0	0.27258	0.86544	0.86618	0.999995	886	0	0.27258
Ilf3	4	0.8903	0.89108	0.999729	934	0	0.3932	0.62532	0.64815	0.999995	682	1	0.3932
Terf2ip	4	0.89439	0.89489	0.999729	935	0	0.30856	0.32636	0.46105	0.978682	491	1	0.30856
MouseNegCon_0069	1	0.89582	0.89687	0.999729	936	0	1.1339	0.10418	0.10495	0.93365	215	1	1.1339
Apex1	4	0.89603	0.8962	0.999729	937	0	-0.10312	0.22477	0.34509	0.975854	366	1	-0.10312
MouseNegCon_0065	1	0.89706	0.89804	0.999729	938	0	1.1826	0.10294	0.10365	0.93365	212	1	1.1826
Atm	4	0.89711	0.89742	0.999729	939	0	0.80947	0.0073941	0.024922	0.707009	38	2	0.80947
Gcm1	4	0.89765	0.89795	0.999729	940	0	0.66312	0.026242	0.067851	0.844903	83	2	0.66312
Arid4b	4	0.89818	0.89843	0.999729	941	0	1.141	0.013307	0.039443	0.805302	51	3	1.141
Zfp414	4	0.89836	0.89867	0.999729	942	0	0.85082	0.063912	0.14399	0.93365	151	3	0.85082
Lef1	4	0.89925	0.89963	0.999729	943	0	0.47837	0.16407	0.27752	0.973961	287	2	0.47837
Ctcfl	4	0.8996	0.89998	0.999729	944	0	0.51778	0.2112	0.33071	0.973961	348	2	0.51778
Safb	4	0.90013	0.90041	0.999729	945	0	0.38833	0.58751	0.62247	0.999995	655	1	0.38833
Zfp128	4	0.90065	0.90091	0.999729	946	0	-0.020864	0.37149	0.50051	0.978682	532	1	-0.020864
Kat6b	4	0.90664	0.90661	0.999729	947	0	0.48321	0.27093	0.39742	0.975854	425	2	0.48321
Mllt10	4	0.9083	0.90839	0.999729	948	0	0.16975	0.37219	0.50079	0.978682	533	1	0.16975
Zfp12	4	0.90863	0.90872	0.999729	949	0	0.23474	0.052801	0.12235	0.93365	125	1	0.23474
MouseNegCon_0091	1	0.90892	0.90956	0.999729	950	0	1.2535	0.091078	0.091309	0.93365	207	1	1.2535
Hdac4	4	0.90961	0.90966	0.999729	951	0	0.90939	0.051557	0.11998	0.93365	123	3	0.90939
Zfp715	4	0.91058	0.91047	0.999729	952	0	-0.019206	0.85804	0.85877	0.999995	878	0	-0.019206
Ash1l	4	0.91123	0.91124	0.999729	953	0	0.24896	0.31953	0.45325	0.9775	484	2	0.24896
Phf1	4	0.91139	0.91136	0.999729	954	0	0.38342	0.19357	0.31094	0.973961	328	2	0.38342
Bap1	4	0.91155	0.91155	0.999729	955	0	0.10255	0.37288	0.50114	0.978682	534	1	0.10255
Zfp523	4	0.91235	0.91231	0.999729	956	0	1.0679	0.029534	0.074749	0.875861	89	3	1.0679
Baz1a	4	0.91346	0.91331	0.999729	957	0	0.79951	0.090203	0.19275	0.940213	206	2	0.79951
Prdm5	4	0.91377	0.91359	0.999729	958	0	0.21098	0.71102	0.7153	0.999995	736	1	0.21098
Zfp329	4	0.91487	0.91462	0.999729	959	0	1.2028	0.016982	0.048012	0.805302	60	3	1.2028
Foxo4	4	0.91611	0.91574	0.999729	960	0	0.057748	0.85011	0.851	0.999995	866	0	0.057748
MouseNegCon_0078	1	0.91807	0.91845	0.999729	961	0	1.3676	0.081933	0.082519	0.895792	189	1	1.3676
Zhx2	4	0.92049	0.92022	0.999729	962	0	0.24389	0.74238	0.74319	0.999995	762	1	0.24389
Rarg	4	0.92063	0.92032	0.999729	963	0	0.91901	0.021156	0.056775	0.805302	73	3	0.91901
Baz2b	4	0.92137	0.92108	0.999729	964	0	0.51661	0.26951	0.39582	0.975854	422	2	0.51661
Dtd2	4	0.92283	0.9225	0.999729	965	0	0.8367	0.024488	0.063939	0.840558	79	2	0.8367
Epc1	4	0.92341	0.92303	0.999729	966	0	0.37005	0.18905	0.30615	0.973961	324	2	0.37005
Mbd4	4	0.92355	0.92316	0.999729	967	0	0.79016	0.066006	0.14839	0.93365	158	3	0.79016
Myod1	4	0.92526	0.92498	0.999729	968	0	0.19369	0.82644	0.82762	0.999995	838	0	0.19369
Zfp616	4	0.9268	0.92635	0.999729	969	0	0.55317	0.26009	0.38535	0.975854	410	2	0.55317
Kdm4c	4	0.92914	0.92867	0.999729	970	0	0.42035	0.18702	0.30403	0.973961	322	2	0.42035
Mbtd1	4	0.93102	0.93052	0.999729	971	0	0.98974	0.036424	0.089444	0.93365	101	3	0.98974
Lbr	4	0.93142	0.93087	0.999729	972	0	0.26595	0.59408	0.62688	0.999995	658	1	0.26595
Pdx1	4	0.93581	0.93561	0.999729	973	0	0.63769	0.035198	0.086799	0.917346	99	2	0.63769
Zfp628	4	0.93669	0.9365	0.999729	974	0	0.23739	0.30854	0.44054	0.975854	470	1	0.23739
Jmy	4	0.93707	0.93685	0.999729	975	0	0.49059	0.061316	0.13926	0.93365	147	2	0.49059
Zfp608	4	0.93793	0.93766	0.999729	976	0	0.55435	0.34643	0.48367	0.978682	512	2	0.55435
Ankrd1	4	0.9383	0.93797	0.999729	977	0	1.4494	0.0025448	0.0091524	0.616646	14	3	1.4494
Phf11	4	0.94142	0.94106	0.999729	978	0	0.71407	0.020113	0.054387	0.805302	69	3	0.71407
Lcmt1	4	0.94294	0.94264	0.999729	979	0	0.40994	0.49218	0.5628	0.999995	596	1	0.40994
Tspyl4	4	0.94363	0.94326	0.999729	980	0	0.11235	0.33076	0.46589	0.978682	494	1	0.11235
MouseNegCon_0011	1	0.94525	0.94539	0.999729	981	0	1.4745	0.054745	0.054901	0.805302	132	1	1.4745
Zmynd11	4	0.94632	0.94588	0.999729	982	0	0.30204	0.62909	0.65085	0.999995	686	1	0.30204
Ntmt1	4	0.94654	0.94616	0.999729	983	0	0.13972	0.81388	0.81547	0.999995	826	0	0.13972
Klf7	4	0.94676	0.94644	0.999729	984	0	1.0562	0.017726	0.04939	0.805302	62	3	1.0562
Bard1	4	0.94687	0.94654	0.999729	985	0	0.19818	0.75707	0.75725	0.999995	776	1	0.19818
Nova2	4	0.94763	0.94735	0.999729	986	0	0.3959	0.23737	0.35986	0.975854	383	2	0.3959
Zfp828	4	0.94934	0.94901	0.999729	987	0	0.7688	0.041114	0.098941	0.93365	107	3	0.7688
Zmiz1	4	0.95018	0.9499	0.999729	988	0	0.50051	0.11391	0.22015	0.965384	227	2	0.50051
Chd9	4	0.95029	0.94996	0.999729	989	0	0.38035	0.29723	0.42754	0.975854	454	1	0.38035
Kmt2c	4	0.9508	0.95047	0.999729	990	0	1.1397	0.0076925	0.02607	0.720614	39	3	1.1397
Recql5	4	0.95122	0.95096	0.999729	991	0	0.21677	0.073512	0.16284	0.93365	173	1	0.21677
Zfp341	4	0.95233	0.95222	0.999729	992	0	0.79386	0.062015	0.14046	0.93365	149	3	0.79386
Braf	4	0.95244	0.95238	0.999729	993	0	0.70364	0.057121	0.13129	0.93365	136	3	0.70364
Setd2	4	0.95324	0.95318	0.999729	994	0	0.30682	0.45804	0.54404	0.999722	577	1	0.30682
Smarcad1	4	0.95343	0.95337	0.999729	995	0	0.68419	0.14811	0.25987	0.973961	269	2	0.68419
Zfp526	4	0.95363	0.9536	0.999729	996	0	0.56956	0.22158	0.34189	0.974114	364	2	0.56956
Mettl23	4	0.95403	0.95391	0.999729	997	0	0.39274	0.28401	0.41224	0.975854	440	2	0.39274
Zbtb2	4	0.95548	0.95538	0.999729	998	0	1.0808	0.022622	0.059796	0.8112	76	3	1.0808
Zscan29	4	0.95596	0.9558	0.999729	999	0	0.70185	0.046139	0.10924	0.93365	117	2	0.70185
Mbd3	4	0.95643	0.9563	0.999729	1000	0	1.1938	0.014748	0.042612	0.805302	55	3	1.1938
Dnd1	4	0.95727	0.95718	0.999729	1001	0	0.53269	0.32212	0.4562	0.978682	487	2	0.53269
Klf6	4	0.95746	0.9574	0.999729	1002	0	0.91175	0.056083	0.12913	0.93365	134	3	0.91175
Parp2	4	0.95774	0.95762	0.999729	1003	0	0.7187	0.07569	0.16753	0.93365	177	2	0.7187
Zmynd15	4	0.95783	0.95768	0.999729	1004	0	0.14355	0.86077	0.86144	0.999995	883	0	0.14355
Ash2l	4	0.95865	0.95845	0.999729	1005	0	1.1563	0.0040871	0.014333	0.665149	20	2	1.1563
Hmgb3	4	0.95892	0.95874	0.999729	1006	0	0.64806	0.12018	0.22766	0.965384	238	2	0.64806
Trmt2a	4	0.95946	0.95913	0.999729	1007	0	0.85386	0.064713	0.14579	0.93365	156	3	0.85386
Kmt2b	4	0.95973	0.95935	0.999729	1008	0	0.61568	0.111	0.21685	0.965384	221	2	0.61568
Prdm12	4	0.96017	0.9599	0.999729	1009	0	0.67238	0.067764	0.15184	0.93365	161	2	0.67238
Mettl15	4	0.96139	0.96137	0.999729	1010	0	0.46746	0.1882	0.3052	0.973961	323	2	0.46746
Scml4	4	0.96156	0.96159	0.999729	1011	0	0.75842	0.11951	0.22674	0.965384	237	2	0.75842
Wdtc1	4	0.9619	0.96186	0.999729	1012	0	0.28849	0.61334	0.63916	0.999995	674	1	0.28849
Nek9	4	0.96199	0.96194	0.999729	1013	0	0.7618	0.068836	0.15396	0.93365	163	2	0.7618
Smyd3	4	0.96283	0.96279	0.999729	1014	0	0.23603	0.84868	0.84965	0.999995	863	0	0.23603
Hdac2	4	0.963	0.96294	0.999729	1015	0	0.68039	0.053751	0.12436	0.93365	128	3	0.68039
Smarcc2	4	0.96317	0.96307	0.999729	1016	0	0.64093	0.058171	0.13339	0.93365	140	3	0.64093
MouseNegCon_0100	1	0.96429	0.96483	0.999729	1017	0	1.6685	0.035714	0.035806	0.787735	100	1	1.6685
Zbtb49	4	0.9644	0.96432	0.999729	1018	0	0.80287	0.025942	0.067245	0.844903	82	2	0.80287
Zfp105	4	0.96448	0.9644	0.999729	1019	0	0.30328	0.50221	0.5688	0.999995	603	1	0.30328
Zbtb7c	4	0.9652	0.96515	0.999729	1020	0	0.44043	0.33381	0.46944	0.978682	498	2	0.44043
Hdac9	4	0.967	0.96688	0.999729	1021	0	0.47431	0.27808	0.4056	0.975854	434	2	0.47431
MouseNegCon_0057	1	0.96725	0.96779	0.999729	1022	0	1.5608	0.032748	0.03295	0.787735	94	1	1.5608
Setdb2	4	0.96768	0.96774	0.999729	1023	0	0.50955	0.28062	0.40834	0.975854	438	2	0.50955
Trim27	4	0.96872	0.96885	0.999729	1024	0	0.57482	0.083085	0.18166	0.93365	191	3	0.57482
Sall1	4	0.97024	0.9705	0.999729	1025	0	0.52752	0.29976	0.4307	0.975854	457	2	0.52752
Mta1	4	0.97087	0.97108	0.999729	1026	0	0.59422	0.27009	0.39649	0.975854	424	2	0.59422
Pphln1	4	0.97156	0.97176	0.999729	1027	0	0.63474	0.21677	0.33676	0.973961	355	2	0.63474
Zfp541	4	0.97163	0.97184	0.999729	1028	0	0.66781	0.18396	0.30045	0.973961	318	2	0.66781
Skor2	4	0.97197	0.97218	0.999729	1029	0	0.85185	0.04438	0.10553	0.93365	115	2	0.85185
Mmachc	4	0.97224	0.97241	0.999729	1030	0	0.63701	0.23005	0.35123	0.975854	372	2	0.63701
Klf9	4	0.97264	0.97288	0.999729	1031	0	0.70281	0.078786	0.17326	0.93365	182	2	0.70281
Zfp629	4	0.97375	0.97409	0.999729	1032	0	0.8687	0.032801	0.081821	0.895792	95	2	0.8687
Btbd11	4	0.97388	0.97426	0.999729	1033	0	0.61295	0.17826	0.29367	0.973961	308	2	0.61295
Nfrkb	4	0.97452	0.97483	0.999729	1034	0	0.68919	0.17187	0.2868	0.973961	301	2	0.68919
Zfp30	4	0.97471	0.97499	0.999729	1035	0	0.73294	0.16223	0.2754	0.973961	285	2	0.73294
Runx3	4	0.97514	0.97549	0.999729	1036	0	1.18	0.0068295	0.023187	0.699807	34	3	1.18
Ing2	4	0.9757	0.97613	0.999729	1037	0	0.68128	0.16703	0.28113	0.973961	290	2	0.68128
Alkbh7	4	0.97588	0.97632	0.999729	1038	0	0.30549	0.2919	0.4215	0.975854	451	1	0.30549
Zfp707	4	0.97642	0.97671	0.999729	1039	0	0.41713	0.35471	0.49221	0.978682	523	2	0.41713
Kdm6a	4	0.9766	0.9769	0.999729	1040	0	1.3238	0.009278	0.03036	0.773313	43	3	1.3238
Pbrm1	4	0.97677	0.97708	0.999729	1041	0	0.82472	0.0014821	0.0057633	0.616646	8	2	0.82472
Trmt44	4	0.97701	0.97736	0.999729	1042	0	1.0602	0.011291	0.035365	0.787735	47	3	1.0602
Zfp60	4	0.97798	0.97833	0.999729	1043	0	0.74007	0.15025	0.26214	0.973961	271	2	0.74007
Zfpm1	4	0.97898	0.97927	0.999729	1044	0	0.78922	0.079593	0.17476	0.93365	184	3	0.78922
Mecp2	4	0.9799	0.98004	0.999729	1045	0	0.8303	0.054619	0.12632	0.93365	130	3	0.8303
Tfpt	4	0.98021	0.98042	0.999729	1046	0	0.94862	0.018211	0.050345	0.805302	64	3	0.94862
Csnk2a1	4	0.98148	0.98175	0.999729	1047	0	1.4956	0.0024724	0.0089688	0.616646	13	3	1.4956
Rnf168	4	0.98339	0.98372	0.999729	1048	0	0.51585	0.28867	0.41777	0.975854	449	2	0.51585
Klhdc3	4	0.98353	0.98387	0.999729	1049	0	0.69701	0.071671	0.15938	0.93365	167	3	0.69701
Ighmbp2	4	0.98371	0.98403	0.999729	1050	0	0.57549	0.084769	0.18512	0.93365	196	3	0.57549
Tspyl2	4	0.98411	0.98446	0.999729	1051	0	0.65866	0.19901	0.31711	0.973961	333	2	0.65866
Trmt13	4	0.98493	0.9853	0.999729	1052	0	1.6058	0.00078309	0.0029896	0.537129	6	3	1.6058
Nsd3	4	0.98544	0.98586	0.999729	1053	0	1.1005	0.012072	0.036844	0.794356	49	3	1.1005
Btbd9	4	0.98605	0.98642	0.999729	1054	0	0.74882	0.068305	0.1529	0.93365	162	3	0.74882
Hnf1b	4	0.98684	0.98726	0.999729	1055	0	0.62772	0.072527	0.16108	0.93365	169	3	0.62772
L3mbtl1	4	0.98718	0.98758	0.999729	1056	0	1.0679	0.015837	0.045064	0.805302	56	3	1.0679
Zfp719	4	0.98802	0.98838	0.999729	1057	0	0.81832	0.083087	0.18166	0.93365	192	2	0.81832
Klf11	4	0.98848	0.98885	0.999729	1058	0	0.97215	0.027324	0.07012	0.844903	86	3	0.97215
Zbtb48	4	0.98879	0.98917	0.999729	1059	0	0.82555	0.050642	0.11819	0.93365	122	3	0.82555
Prdm4	4	0.99	0.99027	0.999729	1060	0	0.77208	0.072699	0.16144	0.93365	172	3	0.77208
Zfp148	4	0.99046	0.9907	0.999729	1061	0	1.1283	0.0069046	0.02337	0.699807	35	3	1.1283
Zdhhc3	4	0.9907	0.99092	0.999729	1062	0	0.84131	0.069645	0.15548	0.93365	165	3	0.84131
MouseNegCon_0017	1	0.99073	0.99064	0.999729	1063	0	2.0252	0.0092684	0.0088126	0.616646	42	1	2.0252
Sap30	4	0.99268	0.99286	0.999729	1064	0	0.90639	0.007321	0.02472	0.707009	37	4	0.90639
MouseNegCon_0003	1	0.99419	0.99423	0.999729	1065	0	2.1899	0.0058082	0.0055429	0.616646	30	1	2.1899
Arid1b	4	0.99453	0.99461	0.999729	1066	0	1.2031	0.0054625	0.018897	0.679815	27	4	1.2031
Alkbh2	4	0.99497	0.99504	0.999729	1067	0	1.3507	0.003045	0.010888	0.665149	15	4	1.3507
Alkbh5	4	0.9951	0.99516	0.999729	1068	0	0.85872	0.0049005	0.016895	0.677851	24	4	0.85872
Bahd1	4	0.99569	0.99568	0.999729	1069	0	0.91019	0.004307	0.014985	0.665149	22	4	0.91019
Mef2a	4	0.99581	0.99576	0.999729	1070	0	0.89455	0.0041918	0.014672	0.665149	21	4	0.89455
Zcwpw1	4	0.99626	0.99627	0.999729	1071	0	0.95197	0.0037391	0.013249	0.665149	19	4	0.95197
Cbx4	4	0.99641	0.9964	0.999729	1072	0	0.82634	0.0035918	0.012762	0.665149	18	4	0.82634
Bhlhe41	4	0.99685	0.9968	0.999729	1073	0	1.0395	0.0031497	0.011302	0.665149	16	4	1.0395
Zfp513	4	0.99774	0.99774	0.999729	1074	0	1.1668	0.0022634	0.0082799	0.616646	12	4	1.1668
Lsm12	4	0.99813	0.99816	0.999729	1075	0	1.2127	0.0018712	0.0070859	0.616646	11	4	1.2127
Zkscan6	4	0.99931	0.99936	0.999729	1076	0	1.2693	0.00068895	0.002714	0.537129	5	4	1.2693
G3bp1	4	0.99965	0.99964	0.999729	1077	0	1.229	0.00034521	0.0013272	0.506601	2	4	1.229
Prdm1	4	0.99975	0.99973	0.999729	1078	0	1.2361	0.00025344	0.00097816	0.506601	1	4	1.2361
